BMCL	81.71	28.66	32.4	0.53	6.7	0.53	-0.0108	0.5	0.52	-0.9	0.66
CHLM	85.31	28.21	29.0	0.52	8.4	0.52	0.0518	4.7	0.80	3.2	0.89
CUOM	86.90	30.45	21.6	0.52	12.6	0.53	0.0427	1.2	0.78	-0.2	0.88
D053	107.00	40.32	-2.9	0.96	1.7	0.96	-0.0034	2.2	1.27	0.8	1.33
D055	108.72	39.85	-2.8	0.71	3.2	0.71	-0.0013	2.5	1.53	1.1	1.59
D056	109.80	39.35	-2.7	0.70	2.6	0.70	-0.0010	2.8	1.48	1.4	1.54
D058	109.82	38.29	-2.8	0.71	2.8	0.71	-0.0007	3.3	1.52	1.8	1.58
D059	107.23	38.48	-2.2	0.99	2.7	0.99	-0.0003	1.3	1.41	-0.1	1.47
D061	109.43	36.65	-2.8	0.71	4.0	0.71	-0.0007	2.2	1.53	0.8	1.59
D062	107.19	36.77	-3.6	0.93	5.1	0.93	-0.0007	-1.2	1.14	-2.7	1.22
D065	107.39	35.29	-3.0	0.71	5.5	0.71	-0.0006	1.5	1.53	0.1	1.58
D066	109.00	34.97	-4.8	0.96	5.9	0.96	-0.0008	-0.2	1.26	-1.7	1.32
D072	108.23	34.50	-3.6	0.96	5.5	0.96	0.0008	1.2	1.28	-0.2	1.35
D073	107.58	34.43	-4.2	0.71	5.3	0.71	-0.0006	0.4	1.53	-1.0	1.58
D074	107.38	34.47	-4.1	0.95	5.8	0.96	-0.0021	0.6	1.25	-0.8	1.31
D077	108.19	34.30	-3.9	0.94	5.1	0.94	0.0007	-0.9	1.17	-2.3	1.24
D080	108.16	34.11	-3.7	0.92	5.7	0.92	-0.0008	1.2	1.08	-0.2	1.16
D081	107.64	34.07	-3.2	0.98	5.9	0.99	-0.0109	1.3	1.36	-0.1	1.42
D082	107.29	34.09	-3.2	0.71	5.5	0.71	-0.0002	1.5	1.54	0.1	1.59
D083	106.75	39.92	-2.9	0.71	3.3	0.71	-0.0012	0.2	1.54	-1.3	1.59
D084	106.81	39.68	-2.8	0.69	4.3	0.72	-0.0121	2.7	1.44	1.3	1.50
D085	105.76	39.75	-0.6	0.71	0.6	0.71	-0.0024	1.0	1.53	-0.4	1.58
D088	106.12	39.03	-1.0	0.70	3.3	0.70	-0.0010	3.4	1.47	2.0	1.53
D089	106.48	39.07	-3.1	0.91	3.2	0.91	-0.0011	2.7	1.02	1.3	1.10
D090	106.69	38.79	-2.8	0.71	3.1	0.71	-0.0006	0.8	1.53	-0.6	1.58
D091	106.20	38.74	-1.3	0.94	4.2	0.94	0.0002	0.7	1.16	-0.7	1.23
D093	106.56	38.55	-3.1	0.98	3.7	0.98	-0.0007	1.7	1.37	0.3	1.43
D095	105.70	38.44	-1.2	0.96	4.0	0.96	-0.0018	0.5	1.27	-0.9	1.33
D096	106.35	37.81	-2.3	0.71	3.6	0.71	-0.0007	1.9	1.54	0.5	1.59
D098	106.68	37.45	-2.7	0.79	2.8	0.79	-0.0004	1.6	1.90	0.2	1.94
D357	105.84	40.30	-0.6	1.84	6.6	1.85	-0.0059	-	-	-	-
D360	105.10	40.85	-2.6	1.82	5.3	1.84	-0.0044	-	-	-	-
D364	105.77	39.36	0.4	1.84	7.0	1.85	-0.0087	-	-	-	-
D365	106.92	39.17	-1.3	1.85	6.1	1.86	-0.0086	-	-	-	-
D367	106.44	38.89	-2.6	1.84	3.3	1.84	-0.0075	-	-	-	-
D368	105.39	38.76	0.7	1.85	7.9	1.86	-0.0052	-	-	-	-
D371	106.57	38.21	-1.4	1.86	7.4	1.86	-0.0078	-	-	-	-
D375	108.19	36.83	-1.4	1.91	4.8	1.93	-0.0107	-	-	-	-
D377	108.97	35.66	-2.7	1.95	6.3	1.97	-0.0097	-	-	-	-
D378	109.25	35.38	-3.8	2.74	8.6	2.74	-0.0013	-	-	-	-
D385	107.68	34.26	-3.9	1.93	10.5	1.96	-0.0088	-	-	-	-
DANA	89.24	29.70	22.0	0.56	14.1	0.59	0.0325	3.4	0.84	2.0	0.93
DLHA	97.38	37.38	4.0	0.51	6.5	0.51	-0.0150	0.6	0.82	-0.8	0.92
DLPA	82.82	28.98	24.4	0.53	4.9	0.53	0.1199	3.7	0.51	2.3	0.66
DXIN	100.20	40.98	-0.6	0.51	2.3	0.51	0.0017	1.8	0.93	0.4	1.01
G001	105.13	38.05	-0.3	0.71	2.6	0.71	-0.0007	2.6	1.54	1.2	1.59
G002	105.89	37.54	-0.6	0.76	5.0	0.76	-0.0012	0.5	1.78	-0.9	1.83
G003	105.55	37.52	-0.2	0.71	4.5	0.71	-0.0003	2.5	1.51	1.1	1.57
G004	105.18	37.58	0.1	0.85	2.3	0.84	0.0000	1.2	2.19	-0.2	2.23
G005	105.67	37.36	-0.1	0.95	4.6	0.96	0.0000	2.3	1.24	0.9	1.31
G006	105.22	37.24	0.2	0.75	4.5	0.75	-0.0005	1.6	1.70	0.2	1.75
G007	105.88	36.97	-0.6	0.95	4.5	0.95	-0.0014	2.0	1.21	0.6	1.28
G008	105.27	36.93	-0.5	0.71	5.1	0.71	-0.0005	2.3	1.51	0.8	1.57
G009	106.36	36.84	-2.4	0.71	5.0	0.71	-0.0012	1.8	1.52	0.4	1.57
G010	106.10	36.63	-2.0	0.70	5.2	0.71	-0.0055	1.0	1.45	-0.4	1.51
G011	105.25	36.66	-1.5	0.77	8.1	0.77	-0.0026	1.2	1.79	-0.2	1.84
G012	105.62	36.51	-0.6	0.87	8.2	0.87	-0.0006	1.5	2.30	0.1	2.34
G013	105.98	36.28	-1.7	0.71	6.6	0.71	-0.0006	0.8	1.52	-0.6	1.58
G014	105.29	36.50	-2.3	0.94	8.5	0.94	0.0006	2.3	1.16	0.9	1.23
G015	105.62	36.28	-2.1	0.79	8.6	0.79	-0.0018	3.5	1.90	2.1	1.95
G016	106.65	36.10	-2.9	0.94	4.9	0.95	-0.0043	1.6	1.19	0.2	1.26
G017	106.22	36.02	-3.0	0.17	5.2	0.17	-0.0013	2.1	0.82	0.7	0.92
G018	105.80	35.96	-4.4	0.96	6.1	0.96	0.0009	3.5	1.28	2.1	1.34
G019	104.96	36.09	-1.5	0.71	8.0	0.72	-0.0006	2.1	1.56	0.7	1.61
G020	106.20	35.67	-3.1	0.96	6.1	0.96	-0.0020	3.0	1.25	1.6	1.32
G021	105.01	35.73	-0.5	0.98	7.2	0.98	0.0002	1.0	1.38	-0.4	1.44
G022	106.12	35.60	-4.4	0.71	5.2	0.71	-0.0005	0.4	1.54	-1.0	1.59
G023	105.50	35.61	-2.2	0.71	6.9	0.71	-0.0013	-0.9	1.52	-2.3	1.57
G024	106.58	35.46	-4.2	0.99	5.8	0.99	-0.0001	1.7	1.43	0.3	1.49
G025	106.40	35.46	-3.2	0.72	7.6	0.72	-0.0003	0.5	1.54	-0.9	1.60
G026	105.02	35.41	-2.4	0.91	5.5	0.91	-0.0014	2.3	1.05	0.8	1.13
G027	106.53	35.24	-3.3	0.91	6.9	0.91	-0.0012	1.8	1.01	0.4	1.09
G028	106.01	35.17	-3.2	0.78	6.6	0.78	-0.0011	2.5	1.87	1.0	1.92
G030	105.79	35.08	-3.3	0.71	5.4	0.71	-0.0007	1.8	1.53	0.4	1.59
G031	106.21	35.01	-5.2	0.77	5.8	0.76	-0.0086	4.2	1.70	2.8	1.75
G032	106.82	34.89	-4.0	0.71	4.8	0.71	-0.0008	1.3	1.52	-0.1	1.57
G033	105.65	34.87	-4.2	0.95	4.5	0.95	-0.0009	2.4	1.23	0.9	1.29
G034	106.16	34.75	-3.4	0.69	5.8	0.69	0.0010	2.2	1.11	0.8	1.18
G035	105.37	34.79	-3.2	0.98	5.8	0.98	-0.0004	2.5	1.38	1.1	1.44
G036	106.40	34.52	-4.1	0.71	4.6	0.71	-0.0006	2.4	1.53	0.9	1.58
G037	105.70	34.59	-3.4	0.70	5.7	0.71	-0.0010	2.3	1.50	0.9	1.56
G038	107.14	34.43	-4.6	0.95	3.9	0.95	-0.0015	1.9	1.24	0.5	1.31
G039	105.81	34.25	-4.2	0.71	5.1	0.71	0.0011	2.1	1.54	0.7	1.59
G040	101.06	41.96	-0.6	0.72	2.2	0.72	-0.0026	0.7	1.54	-0.8	1.59
G041	99.07	40.28	0.7	0.98	1.8	0.98	-0.0001	-0.5	1.41	-1.9	1.46
G042	104.51	40.74	-1.2	0.99	2.0	0.99	-0.0004	2.6	1.43	1.2	1.49
G043	104.81	40.16	-1.4	0.91	2.3	0.91	-0.0036	2.2	1.00	0.8	1.08
G044	100.15	39.72	0.3	0.71	1.8	0.71	0.0000	2.1	1.52	0.7	1.57
G045	100.79	39.61	0.1	0.95	2.1	0.95	0.0005	1.1	1.22	-0.3	1.29
G046	102.78	39.41	-0.3	0.71	2.3	0.71	-0.0003	3.4	1.51	2.0	1.57
G047	101.66	39.22	-1.0	0.62	2.5	0.62	-0.0029	2.3	1.77	0.9	1.82
G048	100.32	39.24	0.1	0.97	1.8	0.97	-0.0010	1.4	1.34	0.0	1.40
G049	102.57	39.13	0.1	0.71	2.9	0.71	-0.0013	1.7	1.53	0.3	1.58
G050	103.36	38.85	-1.0	0.98	3.4	0.98	-0.0001	1.5	1.36	0.1	1.42
G051	100.73	38.88	1.1	0.91	2.7	0.91	0.0002	0.7	1.04	-0.7	1.12
G052	101.19	38.72	0.0	0.97	1.5	0.97	0.0001	2.0	1.33	0.6	1.40
G053	103.19	38.54	1.1	0.77	4.3	0.77	0.0008	0.6	1.84	-0.8	1.89
G054	100.35	38.61	1.7	0.99	3.6	0.99	-0.0007	0.5	1.42	-1.0	1.47
G055	101.35	38.16	0.9	0.77	4.8	0.77	-0.0004	1.0	1.81	-0.4	1.86
G056	102.89	38.42	0.0	0.71	4.0	0.71	-0.0003	0.9	1.52	-0.5	1.57
G057	102.15	38.43	1.0	0.97	4.3	0.97	-0.0017	2.5	1.32	1.1	1.39
G058	101.74	38.30	0.8	0.17	4.2	0.17	-0.0003	1.9	0.81	0.5	0.90
G059	100.83	38.35	1.2	0.74	3.6	0.74	-0.0008	2.1	1.65	0.7	1.70
G060	102.11	38.28	0.8	0.71	4.1	0.71	-0.0004	2.0	1.52	0.6	1.57
G061	102.26	38.14	0.5	0.19	4.1	0.19	0.0013	1.0	0.92	-0.4	1.00
G062	100.24	38.18	1.7	0.19	4.4	0.19	0.0011	2.8	0.92	1.4	1.00
G063	102.64	37.78	0.8	0.71	4.7	0.71	-0.0015	3.4	1.53	2.0	1.59
G064	102.32	37.96	0.8	0.71	5.2	0.71	-0.0022	2.3	1.53	0.9	1.58
G065	100.94	37.97	1.6	0.99	5.4	0.99	0.0002	3.0	1.44	1.6	1.50
G066	102.62	37.51	1.7	0.97	6.6	0.97	-0.0012	2.9	1.31	1.5	1.37
G067	104.33	37.45	0.5	0.71	4.9	0.71	-0.0006	1.7	1.51	0.2	1.57
G068	103.38	37.56	0.6	1.19	4.5	1.19	-0.0002	1.9	0.96	0.5	1.04
G069	102.85	37.44	0.5	0.58	6.5	0.58	0.0000	1.5	1.49	0.1	1.55
G070	101.40	37.46	1.4	0.69	8.7	0.69	0.0000	1.3	1.09	-0.1	1.16
G071	100.43	37.61	2.1	0.74	8.4	0.74	0.0002	2.4	1.69	1.0	1.73
G072	104.09	37.24	0.3	0.71	6.0	0.71	-0.0006	3.0	1.52	1.6	1.58
G073	102.98	37.15	1.4	0.73	7.8	0.73	-0.0005	3.3	1.64	1.8	1.69
G074	102.01	37.32	1.7	0.98	8.1	0.98	0.0003	1.8	1.40	0.4	1.46
G075	100.16	37.31	1.6	0.72	8.9	0.72	-0.0004	4.3	1.35	2.9	1.42
G076	100.48	37.22	2.4	0.71	8.5	0.71	-0.0001	2.9	1.52	1.5	1.57
G077	104.63	36.91	-0.8	0.71	8.2	0.71	-0.0002	2.3	1.52	0.9	1.58
G079	103.16	36.89	1.1	0.94	9.2	0.94	0.0000	2.8	1.18	1.4	1.25
G080	101.63	36.98	1.4	0.70	9.6	0.70	-0.0001	-0.3	1.50	-1.7	1.55
G081	102.56	36.89	1.7	0.99	8.6	0.99	-0.0001	-1.0	1.41	-2.4	1.47
G082	101.01	36.88	1.8	0.97	8.2	0.97	-0.0004	2.0	1.31	0.5	1.37
G083	103.25	36.71	0.8	0.71	9.4	0.71	-0.0005	3.5	1.52	2.0	1.57
G084	101.24	36.70	2.8	0.98	8.4	0.98	-0.0005	-1.0	1.38	-2.4	1.44
G085	104.74	36.43	-1.5	0.70	9.2	0.70	-0.0005	3.4	1.50	2.0	1.56
G086	104.36	36.66	-0.7	0.95	9.5	0.95	0.0006	3.1	1.23	1.7	1.30
G087	102.38	36.50	0.6	0.71	11.1	0.71	0.0001	0.1	1.52	-1.4	1.58
G089	101.54	36.49	1.8	0.92	9.0	0.92	-0.0004	0.3	1.07	-1.1	1.15
G090	100.27	36.62	2.5	0.71	8.8	0.71	-0.0002	0.1	1.51	-1.3	1.56
G091	103.44	37.15	0.9	0.97	7.6	0.97	-0.0014	2.6	1.32	1.2	1.38
G092	103.99	36.49	0.1	0.70	9.3	0.70	-0.0010	2.8	1.51	1.4	1.56
G093	102.89	36.33	2.0	0.70	9.1	0.70	0.0001	0.2	1.49	-1.2	1.55
G094	100.96	36.40	2.5	0.70	8.9	0.71	-0.0003	0.8	1.51	-0.6	1.56
G095	103.42	36.15	-0.6	0.71	9.7	0.71	-0.0013	-2.5	1.53	-3.9	1.59
G096	101.99	36.21	1.8	0.71	9.1	0.71	-0.0004	2.4	1.51	1.0	1.56
G097	100.55	36.22	2.9	0.70	9.3	0.70	0.0002	0.6	1.50	-0.8	1.55
G098	102.26	36.12	1.3	0.93	8.8	0.93	0.0005	2.9	1.15	1.5	1.22
G099	103.99	36.00	-0.9	0.73	8.2	0.73	0.0005	0.7	1.63	-0.8	1.69
G100	101.11	36.45	1.7	0.98	9.1	0.98	-0.0034	-1.1	1.34	-2.5	1.40
G101	103.33	35.93	1.2	0.71	9.1	0.71	-0.0004	0.0	1.52	-1.5	1.57
G102	102.03	35.92	1.9	0.98	9.6	0.98	-0.0045	1.7	1.38	0.2	1.44
G103	101.44	36.08	0.2	0.70	8.8	0.70	0.0001	2.1	1.48	0.7	1.54
G104	104.16	35.88	0.2	0.92	8.2	0.92	-0.0017	-0.6	1.07	-2.0	1.15
G105	102.79	35.88	1.2	0.91	8.8	0.92	0.0061	2.0	1.06	0.6	1.14
G106	102.54	35.84	1.6	0.96	9.3	0.96	-0.0019	0.4	1.26	-1.0	1.33
G107	104.55	35.54	-0.9	0.58	7.8	0.59	-0.0003	3.8	1.51	2.4	1.57
G108	103.21	35.57	0.9	0.74	8.6	0.74	-0.0016	3.4	1.66	2.0	1.71
G109	102.05	35.54	2.8	0.61	9.8	0.61	0.0010	1.9	1.70	0.5	1.75
G110	106.68	34.95	-3.0	0.71	5.6	0.71	-0.0003	0.3	1.52	-1.1	1.58
G111	103.84	35.38	-0.7	0.87	6.6	0.88	-0.0007	1.6	2.32	0.1	2.35
G112	103.34	35.41	0.5	0.99	8.4	0.99	-0.0019	0.5	1.45	-0.9	1.51
G113	102.81	35.26	0.7	0.71	8.8	0.71	0.0132	2.3	1.50	0.9	1.56
G114	104.10	35.04	-0.4	0.73	7.4	0.73	-0.0013	2.9	1.62	1.5	1.68
G115	102.44	35.12	2.0	0.94	8.4	0.95	0.0005	2.0	1.21	0.6	1.28
G116	104.54	35.05	-1.6	0.76	6.2	0.76	-0.0071	3.0	1.75	1.5	1.80
G117	103.71	35.29	0.4	0.99	8.1	0.99	-0.0008	2.2	1.43	0.8	1.49
G118	102.89	34.95	0.2	0.76	9.4	0.76	-0.0012	1.5	1.78	0.1	1.83
G119	104.48	34.85	0.2	0.90	7.4	0.90	-0.0039	2.2	0.98	0.8	1.07
G120	104.94	34.71	-1.6	0.71	7.0	0.71	-0.0002	1.6	1.53	0.2	1.58
G121	104.91	34.47	-1.2	0.71	7.1	0.71	-0.0021	0.6	1.55	-0.8	1.60
G122	97.05	41.85	1.5	0.71	3.2	0.71	-0.0004	0.5	1.53	-0.9	1.59
G123	95.46	41.07	3.2	0.73	2.1	0.73	-0.0012	0.6	1.63	-0.9	1.68
G125	96.71	40.64	2.0	0.99	2.3	0.99	-0.0008	0.7	1.39	-0.7	1.45
G127	97.68	40.27	1.2	0.72	2.2	0.72	-0.0005	-0.8	1.55	-2.3	1.61
G128	97.08	40.29	2.3	0.71	1.6	0.71	-0.0001	1.1	1.52	-0.3	1.57
G129	97.44	40.03	1.3	0.71	1.7	0.71	0.0021	1.6	1.53	0.2	1.59
G130	96.75	40.04	2.7	0.92	1.7	0.92	0.0001	1.6	1.07	0.2	1.15
G131	95.71	40.08	3.4	0.99	0.7	0.99	0.0005	1.4	1.45	0.0	1.51
G132	98.89	39.91	0.4	0.71	1.8	0.71	0.0002	1.2	1.52	-0.3	1.57
G133	99.60	39.70	0.9	0.93	2.3	0.93	-0.0003	0.6	1.14	-0.8	1.21
G134	102.32	38.70	0.0	0.71	3.3	0.71	-0.0008	1.1	1.53	-0.3	1.59
G135	98.50	39.71	0.9	0.71	1.9	0.71	-0.0001	0.6	1.52	-0.9	1.57
G136	98.19	39.84	1.6	0.97	1.8	0.97	0.0001	1.3	1.30	-0.1	1.37
G137	97.92	39.85	1.7	1.18	1.7	1.18	0.0000	0.6	0.90	-0.8	0.99
G138	97.70	39.57	2.7	0.98	2.5	0.98	-0.0010	1.8	1.38	0.4	1.44
G139	96.75	39.90	2.5	0.92	1.1	0.92	0.0010	0.8	1.08	-0.6	1.15
G141	101.14	38.93	0.9	0.71	2.9	0.71	-0.0003	1.7	1.52	0.3	1.58
G142	98.80	39.41	0.9	0.93	4.0	0.93	-0.0004	1.0	1.14	-0.4	1.21
G143	99.61	39.15	1.1	0.71	2.6	0.71	-0.0006	2.1	1.52	0.7	1.57
G144	98.00	39.19	1.9	0.71	3.2	0.71	0.0000	1.3	1.52	-0.1	1.57
G145	95.61	39.71	3.2	0.71	1.5	0.71	0.0004	3.7	1.53	2.3	1.59
G146	99.62	38.83	1.2	0.72	3.5	0.72	0.0025	1.8	1.54	0.4	1.59
G147	98.27	38.97	2.3	0.91	3.6	0.91	-0.0007	2.3	1.03	0.8	1.11
G148	99.56	38.44	1.9	0.71	4.0	0.71	-0.0001	2.5	1.52	1.1	1.58
G149	98.85	37.98	2.8	0.90	6.9	0.91	-0.0003	2.0	1.00	0.6	1.08
G150	98.66	37.58	3.4	0.19	7.5	0.19	0.0001	2.2	0.94	0.8	1.02
G152	99.49	37.13	2.7	0.71	8.6	0.71	-0.0005	1.1	1.53	-0.3	1.58
G153	99.01	37.30	2.9	0.94	7.6	0.94	0.0009	1.0	1.14	-0.4	1.21
G154	98.34	37.31	3.8	0.97	6.5	0.97	0.0008	-0.3	1.31	-1.7	1.37
G156	96.70	37.36	4.4	0.92	4.9	0.92	0.0002	0.5	1.07	-0.9	1.14
G157	99.90	36.69	3.3	0.80	9.0	0.80	0.0001	0.5	1.98	-0.9	2.02
G158	99.07	36.80	3.0	0.91	9.0	0.91	-0.0029	0.7	1.03	-0.7	1.11
G159	98.46	36.94	3.6	0.71	7.6	0.71	-0.0002	2.8	1.52	1.3	1.57
G160	95.00	40.55	3.1	0.99	1.8	0.99	0.0003	1.7	1.42	0.3	1.48
G161	94.81	40.17	2.9	0.59	2.1	0.59	0.0002	0.2	1.52	-1.2	1.57
G162	94.55	39.72	3.6	0.70	1.4	0.71	-0.0009	-1.3	1.48	-2.7	1.54
G163	93.49	39.64	4.6	0.71	1.5	0.71	0.0011	2.4	1.53	0.9	1.59
G164	94.86	39.51	3.6	0.95	2.8	0.95	-0.0001	0.8	1.23	-0.6	1.29
G165	93.00	39.29	5.5	0.98	2.9	0.98	-0.0032	1.4	1.37	0.0	1.43
G167	94.36	38.81	4.5	0.99	4.5	0.99	0.0005	3.3	1.42	1.8	1.48
G169	95.00	38.06	4.3	0.72	1.4	0.72	-0.0021	1.6	1.55	0.2	1.61
G170	93.50	37.90	7.3	0.91	3.4	0.91	0.0035	2.3	1.03	0.9	1.11
G171	90.80	38.29	12.0	0.71	5.8	0.71	0.0008	1.7	1.52	0.3	1.57
G172	89.20	38.72	9.3	0.18	0.0	0.19	0.0013	4.0	0.91	2.6	0.99
G301	97.05	42.27	-0.6	1.78	5.0	1.78	-0.0001	-	-	-	-
G303	102.88	41.81	-3.1	1.83	4.5	1.84	0.0006	-	-	-	-
G305	96.92	41.23	1.0	1.80	5.3	1.80	-0.0016	-	-	-	-
G306	103.73	39.95	-2.4	1.81	1.3	1.82	-0.0024	-	-	-	-
G307	101.97	39.33	-1.6	1.75	2.8	1.76	-0.0022	-	-	-	-
G308	98.55	39.94	1.8	1.76	3.6	1.76	0.0002	-	-	-	-
G310	105.09	39.63	1.1	1.71	7.0	1.72	-0.0114	-	-	-	-
G311	94.33	39.62	2.1	1.78	4.4	1.79	0.0008	-	-	-	-
G312	94.26	39.41	3.4	1.79	6.7	1.79	0.0020	-	-	-	-
G313	97.09	39.46	1.2	1.76	6.6	1.76	-0.0004	-	-	-	-
G314	94.31	39.16	1.2	1.81	6.1	1.82	0.0021	-	-	-	-
G315	95.46	39.25	2.6	1.80	8.6	1.81	-0.0005	-	-	-	-
G316	90.73	38.87	8.7	1.80	5.6	1.81	0.0043	-	-	-	-
G318	100.17	38.97	1.3	1.58	2.9	1.58	0.0016	-	-	-	-
G319	91.50	38.76	6.3	1.87	2.5	1.89	0.0075	-	-	-	-
G320	101.01	38.72	-0.5	1.77	5.3	1.78	-0.0022	-	-	-	-
G321	100.87	38.61	1.4	1.78	5.9	1.78	-0.0008	-	-	-	-
G322	89.56	38.52	8.0	1.79	2.6	1.80	0.0059	-	-	-	-
G323	93.42	38.53	5.6	1.80	6.5	1.82	0.0014	-	-	-	-
G324	89.87	38.44	9.1	1.79	4.9	1.80	0.0043	-	-	-	-
G326	90.10	38.35	8.7	1.79	7.3	1.80	0.0057	-	-	-	-
G328	90.27	38.29	9.7	1.82	6.3	1.84	0.0059	-	-	-	-
G329	100.74	38.44	1.1	1.33	6.9	1.33	-0.0010	-	-	-	-
G330	100.34	38.17	2.2	1.75	5.1	1.77	0.0004	-	-	-	-
G331	102.75	38.17	0.6	1.76	6.4	1.77	-0.0042	-	-	-	-
G332	92.42	38.07	9.6	1.80	7.4	1.81	0.0048	-	-	-	-
G333	89.34	38.11	9.1	1.80	7.5	1.82	0.0030	-	-	-	-
G334	100.24	38.01	1.9	1.80	6.5	1.81	-0.0015	-	-	-	-
G335	91.68	37.85	9.5	1.80	5.5	1.81	0.0053	-	-	-	-
G336	99.41	37.62	1.5	1.79	7.5	1.81	-0.0015	-	-	-	-
G337	101.73	37.42	-0.1	1.79	8.0	1.80	0.0000	-	-	-	-
G338	100.90	37.66	1.7	1.75	9.2	1.76	0.0020	-	-	-	-
G339	90.92	37.02	10.4	1.86	8.9	1.87	0.0086	-	-	-	-
G340	106.22	37.28	-2.0	1.86	5.7	1.87	-0.0062	-	-	-	-
G341	95.48	37.22	8.6	1.81	8.5	1.82	-0.0013	-	-	-	-
G342	106.62	37.12	-2.3	1.85	7.0	1.86	-0.0060	-	-	-	-
G343	104.05	36.99	-0.8	1.83	8.8	1.83	-0.0041	-	-	-	-
G344	95.37	36.95	7.7	1.81	9.3	1.83	0.0003	-	-	-	-
G345	105.64	36.83	-1.7	1.84	8.6	1.85	-0.0068	-	-	-	-
G346	93.62	36.75	6.5	1.80	4.5	1.81	0.0003	-	-	-	-
G347	91.89	37.04	10.7	1.86	8.9	1.89	0.0042	-	-	-	-
G348	106.68	36.57	-1.5	1.86	7.2	1.87	-0.0050	-	-	-	-
G349	96.45	36.44	7.1	1.80	5.4	1.82	-0.0023	-	-	-	-
G351	99.77	36.25	3.9	1.76	8.2	1.77	-0.0016	-	-	-	-
G352	105.37	36.00	-1.5	1.91	10.7	1.93	-0.0059	-	-	-	-
G354	101.36	35.72	2.8	1.80	7.7	1.82	-0.0027	-	-	-	-
G355	106.34	35.39	-2.1	1.94	8.4	1.96	-0.0053	-	-	-	-
G356	106.21	35.25	-1.4	1.96	7.6	1.97	-0.0038	-	-	-	-
G357	105.20	35.22	-2.6	1.54	9.9	1.55	-0.0022	-	-	-	-
G358	100.81	35.24	5.5	1.79	11.8	1.80	-0.0027	-	-	-	-
G359	106.81	35.14	-7.1	1.94	7.4	1.96	-0.0052	-	-	-	-
G360	101.71	35.05	0.9	1.88	12.6	1.90	-0.0052	-	-	-	-
G362	106.56	34.73	-2.7	1.70	10.3	1.72	-0.0123	-	-	-	-
G364	101.88	34.57	2.3	1.88	10.8	1.91	-0.0034	-	-	-	-
GRHI	82.49	27.95	32.1	0.52	6.9	0.53	0.0542	3.6	0.71	2.2	0.82
GSAX	95.76	40.52	2.4	0.5	1.5	0.5	-0.0277	-	-	-	-
GSDH	94.68	40.14	2.9	0.59	2.1	0.59	-0.0236	-	-	-	-
GSDX	104.60	35.55	-0.9	0.58	7.8	0.59	-0.0535	-	-	-	-
GSGL	102.89	37.45	0.5	0.58	6.5	0.58	0.0286	-	-	-	-
GSGT	99.81	39.41	0.5	0.48	2	0.48	-0.0391	-	-	-	-
GSJN	105.76	35.53	-3.4	1.05	8.3	1.05	-0.0474	-	-	-	-
GSJT	104.06	37.18	-0.9	1.05	7.4	1.05	-0.0542	-	-	-	-
GSJY	98.22	39.81	0.9	1.05	4.3	1.05	-0.0353	-	-	-	-
GSLX	104.65	35.00	-2.1	1.05	8.1	1.05	-0.0375	-	-	-	-
GSLZ	103.67	36.08	0.2	1.05	10.3	1.05	-0.0572	-	-	-	-
GSMA	102.06	34.02	-0.3	0.69	11.4	0.69	-0.0391	-	-	-	-
GSML	100.82	38.44	1.2	1.05	5.6	1.05	-0.0471	-	-	-	-
GSMQ	103.09	38.63	-0.9	1.05	4.9	1.05	-0.0470	-	-	-	-
GSMX	104.02	34.43	-1.9	0.71	7.7	0.71	-0.0545	-	-	-	-
GSPL	106.59	35.55	-3.1	1.05	7.7	1.05	-0.0553	-	-	-	-
GSQS	106.21	34.75	-3.4	0.69	5.8	0.69	-0.0551	-	-	-	-
GSTS	105.91	34.48	-4.6	1.05	7.3	1.06	-0.0305	-	-	-	-
GSWD	104.82	33.42	-2.6	0.61	5.4	0.62	-0.0059	-	-	-	-
GUAO	87.18	43.47	6.5	0.51	3.2	0.51	0.0111	1.6	0.82	0.2	0.91
GZFG	107.73	27.98	-3.0	1.06	5.3	1.07	-0.0484	-	-	-	-
GZSC	104.86	26.59	-3.9	1.04	6.9	1.06	-0.0331	-	-	-	-
H001	106.51	33.91	-3.5	0.71	4.4	0.71	0.0000	-1.5	1.53	-2.9	1.58
H002	105.81	33.89	-4.9	0.71	4.2	0.71	-0.0002	0.3	1.54	-1.1	1.59
H003	105.31	34.11	-3.4	0.97	3.6	0.97	-0.0017	1.6	1.33	0.2	1.39
H004	106.92	33.62	-5.4	0.73	6.1	0.73	-0.0017	1.6	1.62	0.2	1.67
H005	105.59	33.70	-4.6	0.98	6.8	0.98	-0.0008	0.3	1.38	-1.1	1.44
H006	105.29	33.78	-3.5	0.74	2.5	0.74	0.0007	2.2	1.67	0.8	1.72
H007	106.15	33.34	-3.9	0.71	4.7	0.71	0.0000	2.2	1.53	0.7	1.59
H008	105.63	33.40	-4.0	0.74	4.3	0.74	0.0029	-0.9	1.67	-2.3	1.72
H009	106.02	32.96	-3.8	0.97	5.3	0.98	-0.0024	0.2	1.33	-1.2	1.39
H010	105.23	32.57	-3.2	0.92	5.4	0.92	0.0084	-0.3	1.07	-1.7	1.15
H011	105.83	32.45	-3	0.78	5.8	0.79	-0.0009	-1.6	0.90	-3.0	0.99
H012	105.46	32.02	-3.4	0.96	4.3	0.96	-0.0008	0.4	1.30	-1.0	1.36
H013	103.25	34.75	-0.1	0.71	7.9	0.71	-0.0008	2.4	1.53	1.0	1.58
H014	104.07	34.40	-1.9	0.71	7.7	0.71	-0.0012	2.0	1.27	0.6	1.34
H015	102.50	34.59	1.4	0.92	7.7	0.92	-0.0008	1.8	1.09	0.4	1.16
H016	104.38	34.05	-2.0	0.93	6.1	0.93	-0.0015	1.6	1.12	0.2	1.19
H017	103.15	34.11	-0.7	0.71	8.2	0.71	-0.0015	4.0	1.53	2.6	1.59
H018	102.13	34.00	-0.3	0.69	11.4	0.69	-0.0018	2.5	1.06	1.1	1.14
H019	104.40	33.79	-2.5	0.71	5.8	0.72	0.0077	0.9	1.53	-0.6	1.58
H020	103.73	33.94	-0.9	0.71	7.1	0.71	-0.0004	0.4	1.54	-1.0	1.59
H021	104.82	33.42	-2.6	0.61	5.4	0.62	-0.0006	-0.1	1.76	-1.5	1.81
H022	104.62	33.00	-3.8	0.71	4.9	0.71	0.0000	-1.6	1.53	-3.0	1.58
H024	104.23	33.23	-5.0	0.75	10.8	0.75	-0.0009	-0.1	1.72	-1.5	1.77
H025	103.43	32.93	-2.9	0.94	7.8	0.94	-0.0021	2.8	1.17	1.4	1.24
H026	102.99	33.57	-2.0	1.00	10.0	1.00	-0.0001	3.3	1.46	1.8	1.52
H027	101.48	33.43	0.3	0.74	11.0	0.74	-0.0005	3.2	1.67	1.8	1.72
H028	101.71	32.90	-1.0	0.96	11.0	0.97	-0.0018	3.4	1.32	2.0	1.38
H029	100.59	33.09	0.9	0.92	13.2	0.92	-0.0025	3.5	1.07	2.1	1.15
H030	103.61	32.59	-2.9	0.71	6.7	0.71	0.0002	4.3	1.53	2.9	1.58
H031	102.50	32.79	-1.4	0.95	9.0	0.95	0.0039	2.9	1.22	1.5	1.29
H032	104.57	32.41	-3.6	0.76	6.2	0.76	-0.0006	-0.4	1.76	-1.8	1.81
H033	104.83	32.18	-3.3	0.70	4.5	0.70	-0.0003	2.5	1.50	1.1	1.55
H034	103.73	32.36	-4.1	0.75	6.0	0.75	-0.0009	3.0	1.73	1.6	1.78
H035	104.44	31.80	-4.0	0.97	5.7	0.97	-0.0017	-1.3	1.33	-2.7	1.40
H037	103.17	32.08	-3.4	0.75	6.3	0.75	-0.0004	2.8	1.72	1.4	1.77
H039	100.73	31.86	-2.2	0.87	9.4	0.88	-0.0018	3.8	2.29	2.3	2.32
H040	101.61	31.77	-3.5	0.95	8.9	0.95	0.0001	1.0	1.22	-0.4	1.29
H041	101.07	32.32	-1.5	0.18	11.2	0.18	-0.0007	3.0	0.88	1.6	0.97
H042	100.33	32.27	-0.7	0.16	14.2	0.16	-0.0007	2.3	0.77	0.9	0.87
H043	104.78	31.49	-3.8	0.71	4.8	0.71	-0.0008	-3.6	1.53	-5.0	1.59
H044	104.19	31.35	-3.8	0.75	4.0	0.76	-0.0004	0.0	1.74	-1.4	1.79
H045	103.61	31.47	-3.3	0.71	1.3	0.71	-0.0001	2.6	1.52	1.2	1.58
H046	102.67	31.85	-4.8	0.75	5.7	0.76	-0.0001	3.1	1.74	1.7	1.79
H047	102.10	31.47	-4.1	0.99	6.9	0.99	-0.0005	2.7	1.41	1.3	1.47
H048	104.44	31.16	-4.5	0.99	5.6	0.99	-0.0026	-1.2	1.41	-2.6	1.47
H049	103.69	31.06	-3.5	0.75	2.3	0.75	-0.0048	3.1	1.70	1.7	1.75
H050	103.15	31.01	-4.9	0.71	5.2	0.71	-0.0036	4.2	1.54	2.8	1.59
H051	102.77	30.99	-5.0	0.75	7.4	0.76	0.0021	4.9	1.71	3.5	1.76
H053	101.16	30.96	-7.2	0.59	16.5	0.6	0.0008	-0.3	1.57	-1.7	1.63
H056	100.30	31.65	-5.7	0.71	14.7	0.71	0.0007	3.5	1.55	2.0	1.60
H057	100.24	31.32	-8.9	0.72	21.1	0.72	0.0054	2.4	1.57	1.0	1.62
H058	104.08	30.73	-4.0	0.91	4.9	0.91	-0.0021	-2.1	1.03	-3.5	1.11
H059	103.87	30.69	-1.4	0.89	4.9	0.90	-0.0006	1.7	2.40	0.3	2.43
H060	103.41	30.42	-5.1	0.97	3.5	0.97	-0.0016	-1.2	1.33	-2.6	1.39
H061	102.84	30.25	-4.1	0.71	6.3	0.71	0.0004	-0.1	1.55	-1.5	1.60
H062	100.93	31.14	-8.4	0.70	23.4	0.71	0.0013	1.8	1.50	0.4	1.55
H063	100.31	30.92	-9.5	0.71	19.0	0.72	0.0003	0.8	1.56	-0.6	1.61
H064	103.85	30.04	-3.5	0.93	-0.1	0.94	-0.0188	-3.8	1.15	-5.2	1.22
H065	103.00	29.98	-6.3	0.75	5.2	0.76	-0.0092	3.2	1.73	1.8	1.77
H066	101.79	30.07	-11.3	0.97	7.7	0.98	0.0010	4.2	1.33	2.8	1.39
H067	101.49	30.08	-12.2	0.71	12.7	0.72	0.0018	3.9	1.54	2.5	1.59
H068	101.02	30.11	-12.7	0.81	11.2	0.82	-0.0025	3.9	2.05	2.5	2.09
H069	99.17	30.09	-8.9	0.71	13.4	0.71	-0.0002	2.6	1.53	1.1	1.58
H072	102.82	29.79	-3.7	0.71	5.1	0.71	-0.0001	0.9	1.53	-0.5	1.58
H073	102.29	29.85	-4.2	0.95	6.2	0.95	0.0012	2.2	1.23	0.8	1.30
H074	101.56	29.85	-12.4	0.80	13.5	0.81	0.0012	-0.4	1.98	-1.8	2.02
H075	100.39	29.70	-13.7	0.71	14.0	0.72	-0.0004	2.2	1.55	0.8	1.61
H076	103.47	29.60	-5.2	0.97	4.6	0.98	-0.0013	0.3	1.32	-1.1	1.38
H077	102.66	29.35	-6.0	0.86	2.9	0.88	0.0009	2.6	2.27	1.2	2.30
H078	102.08	29.69	-7.3	0.71	9.7	0.72	0.0003	4.7	1.56	3.3	1.62
H079	101.52	30.33	-11.9	0.92	17.2	0.93	-0.0019	-0.1	1.10	-1.5	1.18
H080	100.12	29.18	-14.4	0.73	12.4	0.74	-0.0020	2.5	1.65	1.1	1.70
H081	103.26	29.23	-4.2	0.91	5.4	0.91	0.0000	-1.3	1.03	-2.7	1.11
H082	102.44	29.26	-9.0	0.77	6.8	0.78	-0.0072	0.4	1.85	-1.0	1.89
H083	101.52	28.96	-13.7	0.72	9.7	0.72	-0.0003	-0.1	1.57	-1.5	1.63
H086	103.04	28.85	-4.7	0.71	6.7	0.72	0.0004	2.6	1.56	1.2	1.62
H087	102.77	28.96	-6.4	0.72	7.3	0.72	-0.0002	-1.3	1.57	-2.7	1.62
H088	103.98	28.61	-3.7	0.91	5.5	0.92	-0.0012	-1.3	1.07	-2.7	1.14
H089	103.12	28.31	-5.2	0.76	5.4	0.77	-0.0016	2.5	1.77	1.1	1.82
H090	102.53	28.67	-9.1	0.91	9.1	0.92	-0.0017	0.2	1.05	-1.2	1.13
H091	102.44	28.30	-8.6	0.92	9.6	0.92	0.0065	1.6	1.06	0.2	1.14
H092	102.13	28.51	-12.8	0.86	9.3	0.87	-0.0006	3.8	2.27	2.4	2.31
H093	103.64	28.25	-3.0	0.72	7.0	0.72	0.0007	0.4	1.59	-1.0	1.64
H094	102.83	28.00	-7.8	0.70	8.0	0.71	-0.0044	0.6	1.50	-0.8	1.56
H095	102.23	27.87	-13.1	0.93	9.2	0.93	-0.0087	-0.3	1.14	-1.7	1.21
H096	101.24	27.66	-14.1	0.71	8.7	0.72	-0.0004	2.0	1.55	0.6	1.60
H097	100.65	27.75	-15.2	0.71	9.0	0.71	-0.0005	2.2	1.54	0.8	1.59
H098	103.89	27.77	-4.2	0.71	6.1	0.71	-0.0005	0.7	1.54	-0.8	1.59
H099	103.27	27.68	-4.3	0.96	4.5	0.97	0.0022	-1.5	1.26	-2.9	1.33
H100	102.79	27.69	-8.1	0.20	7.9	0.90	-0.0009	2.6	0.99	1.2	1.07
H101	103.69	27.36	-3.3	0.71	8.4	0.72	-0.0024	3.2	1.51	1.8	1.57
H102	102.55	27.37	-10.7	0.70	8.4	0.71	0.0003	1.2	1.51	-0.2	1.57
H103	102.19	27.45	-13.7	0.71	8.5	0.71	0.0008	-1.5	1.53	-3.0	1.58
H104	101.71	27.54	-13.4	0.77	9.2	0.78	-0.0020	-2.0	1.83	-3.4	1.87
H106	100.93	27.14	-12.9	0.70	8.6	0.71	0.0005	1.0	1.51	-0.4	1.56
H107	100.06	27.11	-15.8	0.71	3.9	0.72	0.0024	0.9	1.55	-0.6	1.61
H108	102.91	26.93	-9.3	0.93	7.4	0.94	-0.0015	2.4	1.15	1.0	1.22
H109	102.61	26.62	-12.4	0.99	7.3	0.99	-0.0001	0.2	1.42	-1.2	1.48
H110	102.26	26.69	-12.9	0.91	6.7	0.92	-0.0002	-1.7	1.06	-3.1	1.13
H111	102.10	26.83	-14.6	0.99	14.0	1.00	-0.0005	-1.3	1.44	-2.8	1.49
H112	101.96	27.05	-13.6	0.71	7.8	0.71	-0.0001	0.7	1.54	-0.7	1.59
H113	101.85	26.69	-13.8	0.97	8.2	0.98	0.0002	-0.2	1.35	-1.6	1.41
H114	101.24	26.68	-13.5	0.71	9.1	0.71	-0.0003	1.8	1.53	0.4	1.59
H116	101.75	26.50	-13.6	0.99	6.7	0.99	-0.0008	-0.7	1.43	-2.1	1.48
H117	100.76	26.67	-13.6	0.7	8.0	0.7	0.0014	-1.1	1.20	-2.5	1.27
H118	100.16	26.51	-13.9	0.88	6.9	0.89	-0.0011	0.8	2.36	-0.6	2.39
H119	103.23	26.41	-7.1	0.96	5.9	0.97	0.0023	1.1	1.28	-0.4	1.34
H124	100.09	25.98	-14.9	0.71	4.2	0.71	0.0003	2.0	1.53	0.6	1.59
H131	100.56	25.80	-11.6	0.99	3.0	0.99	0.0001	-0.5	1.42	-1.9	1.48
H146	101.63	24.69	-5.3	0.79	1.4	0.80	0.0329	1.5	1.93	0.1	1.97
H149	102.58	24.38	-11.7	0.98	4.3	0.99	-0.0034	-1.9	1.41	-3.4	1.46
H155	102.75	24.12	-8.2	0.98	3.3	0.99	0.0053	1.5	1.37	0.0	1.43
H156	102.50	23.72	-7.2	0.79	3.2	0.80	0.0006	-0.3	1.93	-1.7	1.98
H162	100.09	23.88	-9.7	0.71	-0.4	0.72	0.0011	-1.5	1.53	-2.9	1.58
H164	103.40	23.47	-4.9	0.59	5.1	0.6	0.0013	-0.6	1.61	-2.0	1.66
H165	103.28	23.71	-5.4	0.19	7.0	0.20	0.0034	0.0	0.96	-1.4	1.04
H166	102.84	23.22	-6.5	0.71	4.7	0.71	0.0035	-	-	-	-
H167	102.40	23.00	-7.5	0.58	3.3	0.59	-0.0002	0.2	0.92	-1.2	1.01
H170	103.69	22.98	-1.7	0.71	4.2	0.73	0.0043	0.3	1.57	-1.1	1.62
H172	103.93	22.53	-1.5	0.80	4.7	0.88	-0.0030	-	-	-	-
H173	103.22	22.77	-3.9	0.97	2.8	0.98	0.0000	0.7	1.34	-0.7	1.40
H175	101.06	22.51	-7.7	0.72	0.9	0.75	0.0077	-0.4	1.59	-1.8	1.64
H179	100.45	21.95	-5.3	0.64	0.4	0.68	0.0005	-	-	-	-
H182	100.01	31.62	-5.7	0.59	20.4	0.59	-0.0001	2.6	1.55	1.2	1.61
H186	98.60	29.67	-7.9	0.73	16.1	0.74	-0.0010	1.6	1.65	0.2	1.70
H187	98.69	29.24	-9.6	0.20	14.2	0.90	-0.0014	0.2	0.98	-1.2	1.07
H188	99.25	28.84	-12.1	0.91	14.1	0.92	-0.0026	2.1	1.06	0.7	1.14
H189	99.74	29.00	-12.2	0.71	12.8	0.71	0.0002	-0.1	1.52	-1.5	1.57
H190	99.76	28.32	-13.8	0.73	10.1	0.74	-0.0008	3.6	1.66	2.2	1.71
H191	98.91	28.44	-11.2	0.98	11.5	0.99	-0.0004	-0.8	1.41	-2.2	1.47
H192	99.71	27.83	-15.4	0.51	6.1	0.52	-0.0050	1.6	0.90	0.2	0.99
H193	99.03	27.61	-11.8	0.71	6.3	0.71	0.0005	-1.0	1.54	-2.4	1.59
H194	98.67	27.76	-9.9	0.75	6.5	0.75	-0.0005	-0.6	1.73	-2.0	1.77
H196	99.29	27.18	-12.7	0.98	4.1	0.98	0.0007	0.0	1.29	-1.4	1.35
H198	99.93	26.45	-13.8	0.71	2.1	0.71	0.0001	-0.2	1.55	-1.6	1.60
H199	99.44	26.47	-12.0	0.94	-1.5	0.95	0.0000	-	-	-	-
H200	98.92	26.55	-11.0	0.71	-0.2	0.72	0.0000	1.2	1.54	-0.2	1.60
H201	99.99	26.14	-13.0	0.99	1.2	0.99	0.0011	2.6	1.43	1.2	1.48
H202	99.37	25.89	-13.7	0.72	-2.1	0.72	0.0002	-1.3	1.58	-2.7	1.63
H203	98.81	25.99	-10.3	0.98	1.0	0.99	-0.0064	0.0	1.41	-1.4	1.47
H204	99.92	25.72	-12.3	0.99	-1.0	1.00	0.0008	0.9	1.45	-0.5	1.51
H205	99.53	25.46	-14.2	0.79	1.4	0.79	0.0008	0.1	1.92	-1.3	1.96
H206	99.11	25.65	-10.9	0.71	-2.3	0.71	0.0001	1.8	1.54	0.4	1.59
H207	99.15	25.07	-10.8	0.71	-2.2	0.72	0.0013	0.8	1.57	-0.6	1.62
H210	99.64	24.84	-10.0	0.95	0.8	0.95	0.0013	0.5	1.22	-0.9	1.29
H212	98.30	24.81	-6.9	1.00	-2.5	0.71	-0.0038	-1.8	1.49	-3.2	1.55
H213	97.94	24.71	-2.5	0.96	-7.4	0.96	0.0028	0.7	1.27	-0.7	1.34
H217	98.29	24.26	-5.0	0.72	-6.0	0.73	0.0013	1.5	1.60	0.1	1.65
H218	97.86	24.01	-3.1	0.78	-5.1	0.79	0.0007	-1.2	1.89	-2.6	1.93
H301	104.19	34.70	-0.4	1.72	9.2	1.75	-0.0089	-	-	-	-
H303	103.90	34.23	-3.0	1.89	13.8	1.91	-0.0044	-	-	-	-
H304	104.94	34.01	0.3	1.86	5.2	1.87	-0.0042	-	-	-	-
H305	105.11	33.48	-1.8	1.90	10.3	1.92	0.0026	-	-	-	-
H311	98.81	31.21	-3.9	1.79	26.3	1.80	0.0074	-	-	-	-
H321	99.58	31.04	-6.3	1.77	25.5	1.79	-0.0011	-	-	-	-
HYDE	78.55	17.42	32.0	0.51	14.1	0.51	0.0326	-0.5	0.83	-1.9	0.92
I001	94.67	43.24	3.5	0.91	3.5	0.91	0.0001	2.3	1.03	0.9	1.11
I002	93.00	43.60	6.5	0.82	3.7	0.82	0.0019	-0.4	2.05	-1.8	2.09
I003	91.47	43.48	6.7	0.72	3.6	0.72	0.0000	3.3	1.55	1.9	1.60
I033	88.25	40.27	8.7	0.75	1.7	0.76	0.0022	-0.9	1.74	-2.3	1.79
I034	88.18	39.02	7.9	0.59	1.3	0.59	0.0007	3.7	1.53	2.2	1.58
I035	86.98	38.51	9.8	0.73	-0.4	0.73	-0.0021	0.9	1.60	-0.5	1.65
I064	83.61	39.02	11.3	0.59	0.0	0.59	0.0009	1.7	1.53	0.3	1.58
I065	83.16	38.26	11.7	0.95	-2.0	0.96	0.0039	-0.5	1.23	-1.9	1.30
I066	83.81	37.59	11.9	0.69	-1.6	0.69	0.0003	1.4	0.94	0.0	1.02
I067	82.70	37.05	13.1	0.94	-4.6	0.95	0.0030	0.7	1.19	-0.7	1.26
I068	81.66	36.84	14.2	0.71	-4.3	0.71	0.0011	2.3	1.53	0.8	1.58
I069	82.99	36.74	14.0	0.98	-4.1	0.98	0.0003	0.4	1.34	-1.0	1.40
I070	81.48	36.46	14.6	0.94	-5.2	0.94	0.0027	2.6	1.20	1.2	1.26
I087	79.96	37.10	15.5	0.91	-4.1	0.91	0.0059	0.8	1.00	-0.6	1.08
I398	88.21	39.28	9.0	1.79	3.4	1.80	0.0071	-	-	-	-
I400	88.93	38.99	7.5	1.86	0.1	1.86	0.0057	-	-	-	-
I412	84.52	37.13	12.4	1.80	0.8	1.81	0.0122	-	-	-	-
I415	83.60	36.72	15.0	1.87	1.9	1.87	0.0085	-	-	-	-
I418	79.99	36.40	17.5	1.80	-0.6	1.80	0.0111	-	-	-	-
IISC	77.57	13.02	33.5	0.51	14.2	0.51	0.0328	0.0	0.72	-1.4	0.83
J001	101.61	34.72	3.0	0.71	9.1	0.71	-0.0005	1.7	1.52	0.3	1.57
J002	98.10	36.27	4.2	0.58	7.6	0.59	0.0007	2.9	1.50	1.5	1.55
J003	99.97	35.62	3.7	0.57	6.8	0.57	0.0016	2.2	0.82	0.8	0.91
J004	95.53	34.55	2.1	0.78	17.8	0.79	-0.0012	2.0	1.88	0.5	1.93
J005	98.21	34.89	4.4	0.72	14.7	0.72	-0.0030	4.2	1.56	2.8	1.61
J006	99.69	33.80	1.9	0.70	14.2	0.70	0.0004	3.0	1.50	1.6	1.55
J008	95.26	32.89	2.7	0.98	23.7	0.98	0.0016	2.2	1.39	0.8	1.45
J009	99.19	31.94	-4.1	0.78	18.2	0.78	-0.0005	2.6	1.88	1.2	1.92
J010	97.17	31.16	-1.8	0.69	20.7	0.7	0.0009	3.1	0.98	1.7	1.06
J011	95.60	29.94	2.8	0.78	21.0	0.79	-0.0011	4.8	1.90	3.4	1.95
J012	98.00	29.71	-6.0	0.70	14.7	0.71	0.0006	0.7	1.51	-0.7	1.57
J016	92.44	34.21	9.6	0.71	23.2	0.72	0.0016	3.1	1.53	1.7	1.58
J018	91.67	32.25	12.5	0.95	20.9	0.96	0.0018	1.9	1.23	0.5	1.30
J019	94.10	31.92	6.4	0.74	23.7	0.75	0.0006	1.0	1.67	-0.4	1.72
J020	92.07	31.51	12.3	0.75	22.0	0.76	0.0018	0.6	1.72	-0.8	1.77
J021	91.11	30.48	17.2	0.99	18.2	0.70	0.0001	-0.3	1.45	-1.7	1.50
J022	93.15	29.94	10.8	0.71	20.2	0.71	0.0092	4.4	1.51	2.9	1.57
J025	91.11	32.01	13.6	0.70	19.8	0.71	0.0013	0.8	1.50	-0.7	1.56
J026	88.69	31.13	20.0	0.77	16.0	0.77	0.0004	-1.4	1.82	-2.8	1.87
J027	90.55	30.09	17.8	0.84	17.8	0.85	0.0074	-0.5	2.16	-1.9	2.20
J028	92.87	30.75	10.6	0.70	21.5	0.71	0.0017	1.7	1.50	0.3	1.55
J029	88.56	28.24	25.9	0.70	11.5	0.71	0.0012	1.7	1.50	0.3	1.56
J030	87.06	28.59	24.8	0.77	10.3	0.78	0.0002	1.7	1.85	0.3	1.90
J032	92.40	28.42	16.0	0.77	17.7	0.77	0.0003	1.1	1.81	-0.3	1.86
J033	90.56	28.42	23.9	0.77	13.7	0.78	0.0027	3.8	1.84	2.4	1.89
J034	91.91	27.97	19.4	0.70	14.6	0.71	0.0007	2.4	1.50	1.0	1.56
J035	89.20	31.99	17.5	0.77	16.7	0.77	0.0003	-3.6	1.83	-5.0	1.87
J036	86.44	31.93	20.0	0.79	13.0	0.79	0.0011	-1.1	1.91	-2.5	1.95
J037	88.84	29.36	22.7	0.97	13.2	0.97	0.0007	2.1	1.34	0.6	1.40
J038	87.09	29.32	22.9	0.80	11.8	0.80	-0.0007	1.4	1.96	0.0	2.00
J039	89.56	28.91	24.2	0.70	13.3	0.71	0.0007	3.3	1.51	1.9	1.56
J040	85.44	28.96	25.1	0.97	8.9	0.97	0.0008	2.7	1.32	1.3	1.38
J041	85.97	28.15	26.4	0.92	9.1	0.93	-0.0016	2.7	1.07	1.3	1.14
J042	89.15	27.72	28.4	0.79	13.2	0.80	-0.0006	1.6	1.91	0.2	1.96
J043	84.13	32.30	20.1	0.99	7.3	0.99	0.0016	0.5	1.42	-0.9	1.47
J044	81.19	32.38	18.1	0.77	2.1	0.78	0.0010	0.7	1.84	-0.7	1.89
J045	81.18	30.29	21.1	0.90	2.8	0.91	0.0022	4.1	1.00	2.7	1.08
J046	82.83	30.39	21.0	0.71	3.7	0.71	0.0011	2.1	1.52	0.7	1.57
J047	77.01	36.58	20.3	0.70	-2.8	0.70	0.0008	0.7	1.47	-0.7	1.53
J049	79.94	33.56	17.3	0.86	1.2	0.86	0.0009	0.8	2.26	-0.6	2.30
J308	79.10	31.89	18.9	1.64	-0.9	1.69	0.0178	-	-	-	-
J311	79.81	31.50	19.7	1.91	-2.7	1.95	0.0098	-	-	-	-
J312	79.86	34.95	16.3	1.82	-1.2	1.82	0.0085	-	-	-	-
J314	80.29	31.71	19.7	1.90	3.8	1.93	0.0069	-	-	-	-
J315	80.34	34.44	19.1	1.91	-3.5	1.93	0.0105	-	-	-	-
J318	80.43	30.96	22.0	1.90	5.4	1.93	0.0088	-	-	-	-
J320	81.86	30.72	20.1	1.79	0.1	1.80	0.0165	-	-	-	-
J321	82.17	34.24	17.6	1.52	6.0	1.54	0.0272	-	-	-	-
J322	82.19	32.24	16.8	1.80	-0.5	1.81	0.0099	-	-	-	-
J323	82.25	31.51	19.0	1.79	5.7	1.82	0.0068	-	-	-	-
J326	83.24	29.80	21.5	1.79	4.5	1.81	0.0078	-	-	-	-
J327	83.33	32.41	19.2	1.79	4.1	1.82	0.0096	-	-	-	-
J328	83.56	30.77	21.4	1.60	6.5	1.64	0.0221	-	-	-	-
J329	83.68	31.65	19.7	1.61	8.9	1.63	0.0171	-	-	-	-
J330	83.97	31.03	20.2	1.86	8.1	1.88	0.0216	-	-	-	-
J331	84.02	33.16	17.2	1.80	4.3	1.83	0.0153	-	-	-	-
J332	84.04	29.72	20.6	1.84	9.7	1.91	0.0048	-	-	-	-
J334	85.07	31.35	19.1	1.84	8.4	1.91	0.0068	-	-	-	-
J335	85.27	32.02	19.0	1.65	7.4	1.68	0.0065	-	-	-	-
J336	85.20	30.69	20.6	1.84	8.5	1.87	0.0060	-	-	-	-
J337	85.64	29.44	21.7	1.84	7.9	1.89	0.0027	-	-	-	-
J338	85.69	29.96	21.0	1.85	7.4	1.87	0.0051	-	-	-	-
J339	86.39	28.69	23.2	1.84	10.4	1.88	0.0010	-	-	-	-
J340	86.52	30.00	21.8	1.84	12.0	1.88	0.0004	-	-	-	-
J341	87.17	31.20	20.2	1.65	13.3	1.69	0.0044	-	-	-	-
J342	87.00	30.62	21.3	1.66	13.1	1.71	-0.0002	-	-	-	-
J343	84.83	35.47	14.1	1.92	4.3	1.93	0.0112	-	-	-	-
J344	85.71	35.47	22.3	1.92	3.3	1.95	0.0091	-	-	-	-
J345	87.35	31.60	18.3	1.91	13.0	1.97	0.0044	-	-	-	-
J346	87.77	28.54	24.1	1.83	12.2	1.88	0.0023	-	-	-	-
J347	88.24	29.43	22.5	1.84	15.3	1.88	0.0021	-	-	-	-
J348	88.67	33.26	16.2	1.86	17.3	1.93	0.0038	-	-	-	-
J350	89.03	31.43	20.7	1.85	17.7	1.90	0.0035	-	-	-	-
J351	90.07	31.42	18.1	1.85	14.4	1.87	0.0037	-	-	-	-
J352	89.31	27.93	27.6	1.84	14.2	1.89	0.0012	-	-	-	-
J353	89.63	28.32	24.6	1.82	12.1	1.85	0.0050	-	-	-	-
J354	90.02	31.36	17.3	1.86	19.5	1.90	0.0006	-	-	-	-
J356	89.91	28.62	23.0	1.85	16.8	1.89	0.0070	-	-	-	-
J357	90.11	28.93	23.2	1.84	14.2	1.88	0.0094	-	-	-	-
J358	90.15	29.44	22.0	1.89	15.2	1.93	0.0009	-	-	-	-
J359	90.27	29.32	23.6	1.89	15.8	1.93	0.0020	-	-	-	-
J360	90.56	30.21	18.6	1.49	16.3	1.52	-0.0005	-	-	-	-
J361	90.82	32.01	13.6	1.86	22.1	1.93	0.0017	-	-	-	-
J362	90.90	31.45	15.3	1.84	20.9	1.87	0.0039	-	-	-	-
J364	91.69	31.87	12.9	1.88	21.7	1.95	0.0037	-	-	-	-
J366	91.85	32.56	13.5	1.90	20.9	1.95	0.0101	-	-	-	-
J367	91.89	28.96	17.9	1.86	19.7	1.91	0.0075	-	-	-	-
J368	91.95	33.48	12.0	1.85	16.8	1.87	-0.0011	-	-	-	-
J369	91.92	32.87	10.1	1.85	20.1	1.88	0.0000	-	-	-	-
J370	92.61	34.37	5.9	1.87	24.3	1.88	0.0023	-	-	-	-
J372	92.94	34.83	3.5	1.85	16.7	1.89	0.0018	-	-	-	-
J373	92.83	31.79	8.4	1.86	22.2	1.92	0.0032	-	-	-	-
J374	93.36	35.35	1.4	1.93	31.4	1.95	0.0008	-	-	-	-
J375	93.07	29.04	13.2	1.83	18.7	1.86	0.0040	-	-	-	-
J376	93.59	35.42	3.7	1.93	26.9	1.94	0.0016	-	-	-	-
J377	94.06	35.62	3.2	1.86	24.9	1.87	0.0022	-	-	-	-
J379	94.10	35.71	10.2	1.85	9.6	1.86	0.0024	-	-	-	-
J380	94.36	35.87	12.7	1.93	10.3	1.95	-0.0016	-	-	-	-
J382	94.63	31.59	3.6	1.79	25.5	1.83	0.0032	-	-	-	-
J383	94.80	35.92	6.9	1.89	4.1	1.90	-0.0001	-	-	-	-
J384	94.75	34.92	7.7	1.86	21.4	1.88	0.0167	-	-	-	-
J385	95.23	35.74	9.1	1.81	10.4	1.84	0.0008	-	-	-	-
J386	95.37	33.83	10.5	1.87	22.9	1.90	-0.0006	-	-	-	-
J387	95.48	31.45	-7.6	1.75	27.4	1.82	0.0044	-	-	-	-
J388	95.81	30.75	-1.3	1.87	17.7	1.91	0.0033	-	-	-	-
J389	96.10	29.75	-4.4	1.91	18.3	1.96	-0.0064	-	-	-	-
J390	96.41	31.49	-2.1	1.79	25.1	1.84	0.0042	-	-	-	-
J391	96.42	35.73	8.0	1.82	8.7	1.84	0.0015	-	-	-	-
J393	96.89	30.06	-5.0	1.93	13.9	1.95	0.0111	-	-	-	-
J394	97.05	28.45	-2.1	1.52	12.6	1.79	0.0502	-	-	-	-
J395	97.18	29.28	-4.1	1.89	10.7	1.90	-0.0514	-	-	-	-
J396	97.18	33.71	11.4	1.84	21.0	1.88	0.0006	-	-	-	-
J399	97.50	34.02	6.5	1.81	17.4	1.83	-0.0020	-	-	-	-
J400	97.96	34.40	6.4	1.44	19.8	1.46	-0.0016	-	-	-	-
J401	97.96	35.50	6.9	1.79	12.5	1.81	-0.0020	-	-	-	-
J402	98.23	31.51	-4.0	1.78	25.0	1.81	-0.0082	-	-	-	-
J403	98.62	32.38	-0.2	1.79	22.2	1.82	-0.0001	-	-	-	-
J404	98.60	35.02	4.3	1.80	15.0	1.81	-0.0046	-	-	-	-
J405	98.87	35.13	5.2	1.82	15.0	1.83	-0.0051	-	-	-	-
J406	99.20	34.27	4.8	1.80	18.2	1.84	-0.0038	-	-	-	-
J407	99.22	35.36	5.1	1.79	10.9	1.81	-0.0028	-	-	-	-
J418	104.27	32.76	-2.7	1.99	5.6	2.00	0.0241	-	-	-	-
J420	98.32	33.05	-1.4	1.79	18.8	1.87	0.0062	-	-	-	-
J421	98.59	31.87	-4.0	1.77	24.1	1.80	0.0195	-	-	-	-
J423	97.51	29.96	-7.0	1.87	13.9	1.91	-0.0013	-	-	-	-
J424	97.10	30.55	-5.1	1.79	22.8	1.85	0.0029	-	-	-	-
J425	97.34	30.81	-4.0	1.77	24.5	1.80	0.0017	-	-	-	-
J426	97.78	31.37	-4.9	1.73	26.3	1.78	0.0083	-	-	-	-
J427	92.35	33.95	5.0	1.85	29.0	1.88	0.0014	-	-	-	-
JB08	108.09	35.06	-2.9	0.63	3.9	0.64	-0.0009	2.0	1.62	0.5	1.67
JB23	106.68	33.12	-4.0	0.64	3.5	0.65	-0.0012	0.8	1.66	-0.6	1.71
JB24	106.03	30.80	-3.6	0.54	4.7	0.54	0.0000	1.7	1.19	0.3	1.26
JB25	106.67	26.42	-4.4	0.62	4.6	0.64	-0.0007	2.2	1.59	0.8	1.65
JB26	106.83	22.11	-4.5	0.59	3.1	0.61	-0.0002	1.8	1.46	0.4	1.51
JB27	105.38	35.14	-3.3	0.54	5.8	0.54	-0.0006	3.2	1.19	1.8	1.25
JB28	95.80	40.51	2.4	0.5	1.5	0.5	0.0006	1.8	1.29	0.4	1.35
JB29	99.81	39.41	0.5	0.48	2	0.48	0.0003	2.5	1.16	1.1	1.23
JB30	94.87	36.43	7.2	0.66	5.3	0.67	0.0001	2.9	1.78	1.5	1.82
JB31	93.41	38.81	6.1	0.55	4.5	0.55	0.0010	1.7	1.19	0.3	1.26
JB32	90.98	38.59	11.1	0.58	3.6	0.59	0.0008	0.7	1.39	-0.7	1.45
JB33	103.89	33.28	-6.3	0.63	8.6	0.63	-0.0002	2.4	1.61	0.9	1.66
JB34	102.31	31.71	-3.4	0.54	7.1	0.54	-0.0003	2.6	1.18	1.2	1.25
JB35	101.50	30.49	-10.5	0.68	11.3	0.68	-0.0034	2.3	0.87	0.9	0.96
JB36	103.53	28.84	-4.8	0.58	5.8	0.58	-0.0011	2.9	1.38	1.4	1.44
JB37	101.51	27.42	-13.9	0.49	9.4	0.49	-0.0006	-0.7	1.26	-2.1	1.32
JB38	100.17	26.88	-15.9	0.54	3.6	0.54	0.0004	1.2	1.19	-0.3	1.26
JB39	101.05	22.74	-7.3	0.56	3.2	0.57	-0.0012	-1.5	1.81	-2.9	1.86
JB40	100.28	29.99	-10.9	0.54	14.3	0.55	0.0016	3.2	1.21	1.8	1.28
JB41	98.50	25.02	-7.4	0.60	-4.2	0.61	0.0003	0.4	1.49	-1.0	1.54
JB42	99.92	22.55	-6.9	0.55	1.6	0.56	0.0051	1.2	1.25	-0.2	1.32
JB46	85.54	38.08	9.6	0.52	-1.1	0.52	0.0034	1.2	0.95	-0.2	1.04
JB49	96.99	33.00	0.0	0.66	21.8	0.67	-0.0003	3.7	1.77	2.3	1.82
JB50	96.87	29.39	-5.2	0.54	15.4	0.55	0.0010	3.9	1.20	2.5	1.27
JB51	93.05	35.09	7.3	0.59	26.7	0.60	0.0032	3.5	0.93	2.1	1.02
JB52	91.98	32.99	10.2	0.50	24.8	0.51	-0.0006	3.7	0.99	2.3	1.07
JB53	87.77	31.89	19.5	0.63	14.9	0.64	0.0000	1.7	1.61	0.3	1.66
JB54	86.97	28.39	25.2	0.54	9.1	0.55	-0.0032	2.5	1.19	1.1	1.26
JB55	79.58	35.46	17.8	0.57	-1.7	0.58	0.0020	0.4	1.33	-1.1	1.39
JB56	79.80	32.43	18.0	0.52	0.9	0.53	-0.0001	3.2	1.10	1.8	1.18
JMLA	82.19	29.28	25.3	0.53	4.0	0.53	0.0637	2.4	1.11	1.0	1.18
JMSM	83.74	28.81	26.7	0.52	7.0	0.52	0.0249	4.2	0.89	2.8	0.98
JRGR	85.06	30.73	21.6	0.53	10.8	0.55	0.0196	1.2	1.12	-0.2	1.19
KKN4	85.28	27.80	33.1	0.52	8.2	0.52	0.0362	3.1	0.97	1.7	1.05
KLDN	83.60	27.77	36.4	0.52	7.8	0.52	0.0284	0.1	0.88	-1.3	0.97
KMIN	102.80	25.03	-13.0	0.51	2.2	0.52	-0.0103	-3.0	0.84	-4.4	0.94
KUNM	102.80	25.03	-14.0	0.51	2.4	0.51	-0.0572	-1.6	0.73	-3.0	0.83
LALB	102.17	19.90	-2.9	1.04	4.9	1.06	-0.0179	-	-	-	-
LALX	104.98	18.19	-2.3	1.09	1.1	1.12	-0.0091	-	-	-	-
LHAZ	91.10	29.66	17.8	0.51	18.7	0.51	0.0527	0.8	0.83	-0.6	0.93
MMMZ	97.45	25.43	-3.1	1.46	-3.3	1.68	0.0463	-	-	-	-
MMNS	97.77	20.90	-2.4	1.04	-1.1	1.07	-0.0182	-	-	-	-
NCRS	90.96	30.77	16.7	0.52	17.2	0.54	0.0214	0.6	1.19	-0.8	1.26
NMAG	122.63	43.30	-3.9	1.05	10.9	1.05	-0.0729	-	-	-	-
NMAY	101.68	39.21	-1.0	0.62	2.5	0.62	-0.0285	-	-	-	-
NMAL	120.11	43.86	-3.4	1.05	8.3	1.05	-0.0941	-	-	-	-
NMAZ	105.67	38.81	1.4	1.05	2.6	1.06	-0.0543	-	-	-	-
NMBT	110.02	40.60	-2.8	1.07	0.4	1.07	-0.0335	-	-	-	-
NMDW	116.96	45.51	-4.0	1.05	6.8	1.05	-0.0772	-	-	-	-
NMEL	111.94	43.63	-2.5	1.07	5.1	1.07	-0.0709	-	-	-	-
NMTK	111.25	40.26	-3.2	1.07	6.1	1.07	-0.0649	-	-	-	-
NMWH	106.84	39.66	-2.8	0.69	4.3	0.72	-0.0362	-	-	-	-
NMWJ	108.07	41.30	-3.3	1.05	5.4	1.05	-0.0645	-	-	-	-
NMWL	122.03	46.04	-3.4	1.06	7.1	1.06	-0.0676	-	-	-	-
NMWT	107.06	41.08	1.8	1.05	5.0	1.05	-0.0624	-	-	-	-
NMZL	115.98	42.23	-2.4	1.05	6.7	1.05	-0.0737	-	-	-	-
NPGJ	81.60	28.12	36.0	0.52	7.2	0.53	0.0726	-1.8	0.60	-3.2	0.72
NXHY	105.65	36.55	-1.1	1.05	7.5	1.05	-0.0563	-	-	-	-
NXYC	106.27	38.49	-0.6	1.06	4.4	1.07	-0.0630	-	-	-	-
NXZW	105.24	37.59	-0.3	1.05	6.2	1.05	-0.0545	-	-	-	-
ODRE	87.39	26.87	37.9	0.52	10.5	0.52	0.0358	-1.6	0.67	-3.0	0.78
QHBM	100.74	32.93	-1.7	1.06	17.2	1.07	-0.0337	-	-	-	-
QHDL	98.10	36.30	4.2	0.58	7.6	0.59	0.0028	-	-	-	-
QHGC	100.13	37.33	1.6	0.72	8.9	0.72	-0.0353	-	-	-	-
QHGE	94.77	36.15	6.1	1.05	8.4	1.06	-0.0175	-	-	-	-
QHLH	93.33	38.74	6.4	1.05	5.0	1.05	-0.0134	-	-	-	-
QHMD	98.21	34.92	3.2	1.11	18.0	1.13	-0.0214	-	-	-	-
QHME	101.40	37.47	1.4	0.69	8.7	0.69	0.0964	-	-	-	-
QHMQ	100.25	34.48	2.7	1.06	14.8	1.07	-0.0251	-	-	-	-
QHMY	90.80	38.48	5.9	1.19	4.6	1.21	0.0050	-	-	-	-
QHTR	102.01	35.52	2.8	0.61	9.8	0.61	-0.1112	-	-	-	-
QHTT	92.44	34.22	9.5	1.16	22.1	1.21	0.0146	-	-	-	-
SCBZ	106.74	31.84	-2.9	1.04	6.7	1.05	-0.0523	-	-	-	-
SCDF	101.12	30.98	-7.2	0.59	16.5	0.6	-0.0178	-	-	-	-
SCGY	105.85	32.44	-3.0	0.78	5.8	0.79	-0.0366	-	-	-	-
SCGZ	100.02	31.61	-5.7	0.59	20.4	0.59	-0.0278	-	-	-	-
SCJL	101.50	29.01	-13.6	1.05	10.0	1.07	0.1723	-	-	-	-
SCJU	104.52	28.18	-2.8	1.04	7.2	1.06	-0.0929	-	-	-	-
SCLH	100.67	31.39	-7.1	1.04	18.9	1.05	-0.0473	-	-	-	-
SCMB	103.53	28.84	-2.7	1.04	4.1	1.06	-0.0482	-	-	-	-
SCML	101.28	27.93	-15.4	1.04	19.1	1.05	-0.0394	-	-	-	-
SCMN	102.17	28.33	-11.5	1.04	10.6	1.05	-0.0184	-	-	-	-
SCNC	105.88	30.98	-2.9	1.05	7.3	1.05	-0.0286	-	-	-	-
SCNN	102.72	27.06	-11.8	1.05	8.8	1.06	-0.0353	-	-	-	-
SCPZ	101.74	26.50	-12.6	1.05	7.9	1.07	-0.0080	-	-	-	-
SCSM	102.35	29.23	-6.4	1.06	11.2	1.07	0.0152	-	-	-	-
SCSN	105.56	30.51	-2.9	1.04	6.8	1.05	-0.0505	-	-	-	-
SCTQ	102.77	30.07	-4.3	1.05	8.4	1.06	-0.0238	-	-	-	-
SCXC	99.80	28.94	-12.6	1.04	12.7	1.06	-0.0174	-	-	-	-
SCXD	102.44	28.30	-9.3	1.04	10.2	1.05	-0.0240	-	-	-	-
SCXJ	102.37	31.00	-5.8	1.04	5.6	1.05	-0.0426	-	-	-	-
SCYX	102.51	28.65	-8.8	1.04	9.8	1.05	-0.0350	-	-	-	-
SCYY	101.51	27.43	-13.9	0.49	9.4	0.49	-0.0357	-	-	-	-
SRNK	83.94	28.26	29.6	0.53	8.6	0.54	0.0413	3.8	0.93	2.4	1.02
TASH	75.23	37.77	20.2	0.51	-1.4	0.50	0.0631	3.6	0.86	2.2	0.96
TPLJ	87.71	27.35	31.8	0.52	9.2	0.52	0.0463	2.6	1.17	1.2	1.24
ULAB	107.05	47.87	-1.7	0.52	1.0	0.52	-0.0203	1.0	0.55	-0.4	0.69
WUSH	79.21	41.20	13.9	0.51	1.7	0.51	0.0235	1.2	0.82	-0.2	0.92
XIAA	108.99	34.18	-0.6	0.51	1.4	0.51	-0.0204	-	-	-	-
XIAG	100.25	25.61	-12.9	0.51	1.1	0.51	-0.0153	0.8	0.62	-0.6	0.75
XJAL	88.13	47.86	2.7	1.06	1.2	1.05	0.0099	-	-	-	-
XJBC	78.77	39.81	14.6	1.05	1.0	1.05	0.0436	-	-	-	-
XJBE	86.86	47.69	2.6	1.06	1.8	1.06	0.0225	-	-	-	-
XJBY	83.72	42.83	4.5	1.06	4.0	1.06	0.0400	-	-	-	-
XJDS	84.89	44.31	5.3	1.05	3.5	1.05	0.0299	-	-	-	-
XJFY	89.54	47.00	4.8	1.05	1.4	1.05	0.0098	-	-	-	-
XJHT	79.05	37.16	15.0	1.06	-2.1	1.06	0.0595	-	-	-	-
XJJJ	94.34	42.85	2.3	1.06	4.5	1.06	0.0044	-	-	-	-
XJKC	82.98	41.73	9.3	1.05	4.0	1.05	0.0355	-	-	-	-
XJKE	86.19	41.79	9.1	1.06	3.1	1.06	0.0319	-	-	-	-
XJKL	84.91	45.61	1.5	1.07	4.6	1.07	0.0583	-	-	-	-
XJML	90.30	43.81	4.1	1.05	4.2	1.05	0.0199	-	-	-	-
XJQH	90.98	46.15	2.2	1.06	-0.1	1.05	0.0254	-	-	-	-
XJQM	85.53	38.12	9.6	0.52	-1.1	0.52	0.0401	-	-	-	-
XJRQ	88.17	39.02	7.9	0.59	1.3	0.59	0.0334	-	-	-	-
XJSH	86.11	44.21	4.7	1.05	3.4	1.05	0.0341	-	-	-	-
XJSS	90.26	42.89	3.9	1.06	3.6	1.05	0.0228	-	-	-	-
XJTC	82.88	46.82	-0.4	1.08	-0.5	1.07	0.0721	-	-	-	-
XJTZ	83.66	38.97	11.3	0.59	0.0	0.59	0.0362	-	-	-	-
XJWL	86.72	42.92	5.9	1.07	3.7	1.07	0.0553	-	-	-	-
XJWQ	81.00	44.96	2.5	1.05	1.5	1.05	0.0400	-	-	-	-
XJXY	83.26	43.40	5.9	1.06	2.2	1.05	0.0666	-	-	-	-
XJYN	81.53	43.97	6.3	1.06	2.0	1.06	-0.0065	-	-	-	-
XJYT	81.97	36.43	10.8	1.08	-2.9	1.09	0.0585	-	-	-	-
XJZS	80.36	42.68	5.5	1.05	2.9	1.05	0.0371	-	-	-	-
XNIN	101.77	36.60	1.1	0.51	8.8	0.51	-0.0226	0.7	0.72	-0.7	0.83
XZAR	87.18	29.27	15.5	1.10	11.2	1.12	0.0324	-	-	-	-
XZBG	81.43	30.84	14.4	1.08	5.1	1.10	0.0680	-	-	-	-
XZCD	97.17	31.14	-1.8	0.69	20.7	0.7	-0.1285	-	-	-	-
XZCY	97.47	28.66	-6.5	1.07	12.8	1.09	-0.3005	-	-	-	-
XZDX	91.10	30.48	14.1	1.06	18.1	1.08	0.0016	-	-	-	-
XZGE	80.11	32.52	14.8	1.06	2.2	1.07	0.0734	-	-	-	-
XZNQ	92.11	31.49	9.8	1.05	21.7	1.06	0.0130	-	-	-	-
XZRK	88.87	29.25	18.5	1.09	13.2	1.11	0.0103	-	-	-	-
XZRT	79.72	33.39	13.2	1.12	1.6	1.14	0.0172	-	-	-	-
XZYD	88.91	27.44	29.8	1.10	18.8	1.12	0.0385	-	-	-	-
XZZB	84.16	29.68	17.6	1.12	6.6	1.14	0.0476	-	-	-	-
YANC	107.44	37.78	-3.4	0.51	3.6	0.51	-0.0239	2.0	0.82	0.6	0.92
YARE	84.04	29.53	23.8	0.53	6.9	0.54	0.0342	3.5	1.12	2.1	1.20
YNCX	101.49	25.05	-11.9	1.05	4.0	1.06	0.0016	-	-	-	-
YNDC	103.18	26.11	-6.9	1.05	7.1	1.07	0.0171	-	-	-	-
YNGM	99.39	23.55	-7.6	1.05	-1.1	1.08	0.0108	-	-	-	-
YNJD	100.88	24.44	-10.9	1.04	0.4	1.06	0.0379	-	-	-	-
YNLA	99.95	22.56	-7.2	1.04	0.7	1.06	-0.0013	-	-	-	-
YNLC	100.08	23.87	-9.1	1.04	0.9	1.06	-0.0005	-	-	-	-
YNLJ	100.03	26.70	-13.8	1.10	2.1	1.13	-0.0194	-	-	-	-
YNMH	100.45	21.95	-5.3	0.64	0.4	0.68	-0.0143	-	-	-	-
YNMJ	101.67	23.42	-11.0	1.04	2.2	1.05	-0.0258	-	-	-	-
YNML	103.38	24.40	-5.0	1.04	7.2	1.05	-0.0185	-	-	-	-
YNMZ	103.40	23.36	-4.9	0.59	5.1	0.6	-0.0161	-	-	-	-
YNRL	97.85	24.00	-3.9	1.04	-4.4	1.06	0.0030	-	-	-	-
YNSD	99.19	24.71	-10.7	1.04	-2.1	1.06	-0.0140	-	-	-	-
YNSM	101.05	22.74	-7.3	0.56	3.2	0.57	-0.0018	-	-	-	-
YNTC	98.44	24.95	-6.7	1.06	-4.3	1.07	-0.0132	-	-	-	-
YNTH	102.75	24.12	-8.9	1.04	3.9	1.05	0.0041	-	-	-	-
YNWS	104.25	23.41	-6.8	1.04	1.8	1.06	-0.0277	-	-	-	-
YNXP	101.91	24.10	-11.4	1.04	7.9	1.05	-0.0233	-	-	-	-
YNYL	99.37	25.88	-12.5	1.05	-1.5	1.06	0.0116	-	-	-	-
YNYM	101.86	25.69	-12.5	1.04	5.7	1.06	-0.0203	-	-	-	-
YNYS	100.75	26.68	-13.6	0.70	8.0	0.70	-0.0277	-	-	-	-
YNZD	99.70	27.82	-15.4	0.51	6.1	0.52	-0.1719	-	-	-	-
ZHXZ	86.94	28.36	25.0	0.53	9.5	0.55	0.0186	2.5	0.51	1.1	0.65
