BMCL 81.710 28.660 9.50 8.67 0.53 0.53 -0.011
CHLM 85.310 28.210 11.09 8.98 0.52 0.52 0.052
CUOM 86.900 30.450 12.31 3.24 0.53 0.52 0.043
D053 107.000 40.320 -12.22 0.52 0.96 0.96 -0.003
D055 108.720 39.850 -10.06 2.51 0.71 0.71 -0.001
D056 109.800 39.350 -9.98 3.78 0.70 0.70 -0.001
D058 109.820 38.290 -8.47 3.71 0.71 0.71 -0.001
D059 107.230 38.480 -8.94 1.47 0.99 0.99 -0.000
D061 109.430 36.650 -5.26 3.28 0.71 0.71 -0.001
D062 107.190 36.770 -4.43 0.03 0.93 0.93 -0.001
D065 107.390 35.290 -2.17 0.85 0.71 0.71 -0.001
D066 109.000 34.970 -1.30 0.81 0.96 0.96 -0.001
D072 108.230 34.500 -1.15 1.17 0.96 0.96 0.001
D073 107.580 34.430 -1.29 -0.14 0.71 0.71 -0.001
D074 107.380 34.470 -0.85 -0.26 0.96 0.95 -0.002
D077 108.190 34.300 -1.31 0.82 0.94 0.94 0.001
D080 108.160 34.110 -0.47 0.99 0.92 0.92 -0.001
D081 107.640 34.070 -0.24 0.92 0.99 0.98 -0.011
D082 107.290 34.090 -0.68 0.53 0.71 0.71 -0.000
D083 106.750 39.920 -10.14 0.24 0.71 0.71 -0.001
D084 106.810 39.680 -8.84 0.41 0.72 0.69 -0.012
D085 105.760 39.750 -12.66 1.46 0.71 0.71 -0.002
D088 106.120 39.030 -9.06 1.46 0.70 0.70 -0.001
D089 106.480 39.070 -9.20 -0.25 0.91 0.91 -0.001
D090 106.690 38.790 -8.94 0.28 0.71 0.71 -0.001
D091 106.200 38.740 -7.80 1.25 0.94 0.94 0.000
D093 106.560 38.550 -8.06 -0.16 0.98 0.98 -0.001
D095 105.700 38.440 -7.64 0.80 0.96 0.96 -0.002
D096 106.350 37.810 -7.24 0.41 0.71 0.71 -0.001
D098 106.680 37.450 -7.59 0.37 0.79 0.79 -0.000
D357 105.840 40.300 -7.34 1.55 1.85 1.84 -0.006
D360 105.100 40.850 -9.33 -1.27 1.84 1.82 -0.004
D364 105.770 39.360 -5.78 2.47 1.85 1.84 -0.009
D365 106.920 39.170 -6.41 2.03 1.86 1.85 -0.009
D367 106.440 38.890 -8.88 0.20 1.84 1.84 -0.007
D368 105.390 38.760 -4.15 2.36 1.86 1.85 -0.005
D371 106.570 38.210 -3.93 1.55 1.86 1.86 -0.008
D375 108.190 36.830 -4.76 3.32 1.93 1.91 -0.011
D377 108.970 35.660 -1.76 2.87 1.97 1.95 -0.010
D378 109.250 35.380 0.91 2.08 2.74 2.74 -0.001
D385 107.680 34.260 4.13 0.26 1.96 1.93 -0.009
DANA 89.240 29.700 14.38 6.11 0.59 0.56 0.033
DLHA 97.380 37.380 -3.60 -3.12 0.51 0.51 -0.015
DLPA 82.820 28.980 7.10 1.81 0.53 0.53 0.120
DXIN 100.200 40.980 -12.41 -4.63 0.51 0.51 0.002
G001 105.130 38.050 -8.57 1.07 0.71 0.71 -0.001
G002 105.890 37.540 -5.52 1.61 0.76 0.76 -0.001
G003 105.550 37.520 -6.01 1.64 0.71 0.71 -0.000
G004 105.180 37.580 -8.29 1.52 0.84 0.85 0.000
G005 105.670 37.360 -5.70 1.86 0.96 0.95 0.000
G006 105.220 37.240 -5.66 1.67 0.75 0.75 -0.001
G007 105.880 36.970 -5.31 1.59 0.95 0.95 -0.001
G008 105.270 36.930 -4.67 1.02 0.71 0.71 -0.001
G009 106.360 36.840 -4.64 0.31 0.71 0.71 -0.001
G010 106.100 36.630 -4.18 0.43 0.71 0.70 -0.005
G011 105.250 36.660 -1.34 -0.00 0.77 0.77 -0.003
G012 105.620 36.510 -1.05 1.31 0.87 0.87 -0.001
G013 105.980 36.280 -2.35 0.60 0.71 0.71 -0.001
G014 105.290 36.500 -0.74 -0.76 0.94 0.94 0.001
G015 105.620 36.280 -0.36 -0.19 0.79 0.79 -0.002
G016 106.650 36.100 -3.81 0.14 0.95 0.94 -0.004
G017 106.220 36.020 -3.42 -0.44 0.17 0.17 -0.001
G018 105.800 35.960 -2.46 -2.30 0.96 0.96 0.001
G019 104.960 36.090 -0.73 -0.32 0.72 0.71 -0.001
G020 106.200 35.670 -2.09 -0.55 0.96 0.96 -0.002
G021 105.010 35.730 -1.08 0.74 0.98 0.98 0.000
G022 106.120 35.600 -2.90 -1.94 0.71 0.71 -0.001
G023 105.500 35.610 -1.23 -0.42 0.71 0.71 -0.001
G024 106.580 35.460 -2.12 -1.24 0.99 0.99 -0.000
G025 106.400 35.460 -0.32 -0.44 0.72 0.72 -0.000
G026 105.020 35.410 -2.38 -1.15 0.91 0.91 -0.001
G027 106.530 35.240 -0.74 -0.39 0.91 0.91 -0.001
G028 106.010 35.170 -0.96 -0.86 0.78 0.78 -0.001
G030 105.790 35.080 -2.06 -1.21 0.71 0.71 -0.001
G031 106.210 35.010 -1.56 -2.65 0.76 0.77 -0.009
G032 106.820 34.890 -2.39 -0.77 0.71 0.71 -0.001
G033 105.650 34.870 -2.70 -2.26 0.95 0.95 -0.001
G034 106.160 34.750 -1.24 -0.90 0.69 0.69 0.001
G035 105.370 34.790 -1.30 -1.57 0.98 0.98 -0.000
G036 106.400 34.520 -2.15 -1.34 0.71 0.71 -0.001
G037 105.700 34.590 -1.15 -1.40 0.71 0.70 -0.001
G038 107.140 34.430 -2.71 -1.03 0.95 0.95 -0.002
G039 105.810 34.250 -1.32 -2.08 0.71 0.71 0.001
G040 101.060 41.960 -13.74 -3.69 0.72 0.72 -0.003
G041 99.070 40.280 -11.99 -4.58 0.98 0.98 -0.000
G042 104.510 40.740 -12.50 -0.51 0.99 0.99 -0.000
G043 104.810 40.160 -11.48 -0.38 0.91 0.91 -0.004
G044 100.150 39.720 -11.36 -3.79 0.71 0.71 0.000
G045 100.790 39.610 -10.95 -3.29 0.95 0.95 0.001
G046 102.780 39.410 -10.56 -1.50 0.71 0.71 -0.000
G047 101.660 39.220 -10.09 -3.44 0.62 0.62 -0.003
G048 100.320 39.240 -10.78 -3.81 0.97 0.97 -0.001
G049 102.570 39.130 -9.61 -1.34 0.71 0.71 -0.001
G050 103.360 38.850 -8.77 -1.57 0.98 0.98 -0.000
G051 100.730 38.880 -9.45 -2.36 0.91 0.91 0.000
G052 101.190 38.720 -10.47 -2.95 0.97 0.97 0.000
G053 103.190 38.540 -7.48 0.34 0.77 0.77 0.001
G054 100.350 38.610 -8.20 -2.17 0.99 0.99 -0.001
G055 101.350 38.160 -6.48 -1.87 0.77 0.77 -0.000
G056 102.890 38.420 -7.64 -1.08 0.71 0.71 -0.000
G057 102.150 38.430 -7.34 -0.90 0.97 0.97 -0.002
G058 101.740 38.300 -7.26 -1.55 0.17 0.17 -0.000
G059 100.830 38.350 -7.89 -2.14 0.74 0.74 -0.001
G060 102.110 38.280 -7.35 -1.15 0.71 0.71 -0.000
G061 102.260 38.140 -7.18 -1.28 0.19 0.19 0.001
G062 100.240 38.180 -6.86 -2.29 0.19 0.19 0.001
G063 102.640 37.780 -6.13 -0.57 0.71 0.71 -0.002
G064 102.320 37.960 -5.85 -0.91 0.71 0.71 -0.002
G065 100.940 37.970 -5.63 -1.62 0.99 0.99 0.000
G066 102.620 37.510 -3.90 0.32 0.97 0.97 -0.001
G067 104.330 37.450 -5.53 1.00 0.71 0.71 -0.001
G068 103.380 37.560 -6.07 0.05 1.19 1.19 -0.000
G069 102.850 37.440 -3.92 -0.63 0.58 0.58 0.000
G070 101.400 37.460 -1.71 -1.33 0.69 0.69 0.000
G071 100.430 37.610 -2.16 -1.69 0.74 0.74 0.000
G072 104.090 37.240 -4.18 0.53 0.71 0.71 -0.001
G073 102.980 37.150 -2.26 0.41 0.73 0.73 -0.001
G074 102.010 37.320 -2.15 -0.35 0.98 0.98 0.000
G075 100.160 37.310 -1.28 -2.48 0.72 0.72 -0.000
G076 100.480 37.220 -1.58 -1.33 0.71 0.71 -0.000
G077 104.630 36.910 -1.55 0.02 0.71 0.71 -0.000
G079 103.160 36.890 -0.53 0.30 0.94 0.94 0.000
G080 101.630 36.980 -0.22 -1.07 0.70 0.70 -0.000
G081 102.560 36.890 -1.13 0.25 0.99 0.99 -0.000
G082 101.010 36.880 -1.48 -1.35 0.97 0.97 -0.000
G083 103.250 36.710 -0.11 0.11 0.71 0.71 -0.001
G084 101.240 36.700 -1.06 -0.09 0.98 0.98 -0.001
G085 104.740 36.430 0.04 -0.56 0.70 0.70 -0.001
G086 104.360 36.660 0.05 -0.17 0.95 0.95 0.001
G087 102.380 36.500 1.86 -1.05 0.71 0.71 0.000
G089 101.540 36.490 -0.21 -0.77 0.92 0.92 -0.000
G090 100.270 36.620 -0.53 -1.46 0.71 0.71 -0.000
G091 103.440 37.150 -2.46 0.42 0.97 0.97 -0.001
G092 103.990 36.490 0.06 0.22 0.70 0.70 -0.001
G093 102.890 36.330 0.07 0.92 0.70 0.70 0.000
G094 100.960 36.400 -0.18 -0.71 0.71 0.70 -0.000
G095 103.420 36.150 0.88 -1.10 0.71 0.71 -0.001
G096 101.990 36.210 0.23 -0.27 0.71 0.71 -0.000
G097 100.550 36.220 0.46 -0.76 0.70 0.70 0.000
G098 102.260 36.120 0.04 -0.48 0.93 0.93 0.001
G099 103.990 36.000 -0.43 -0.78 0.73 0.73 0.001
G100 101.110 36.450 -0.05 -1.34 0.98 0.98 -0.003
G101 103.330 35.930 0.56 0.60 0.71 0.71 -0.000
G102 102.030 35.920 1.10 -0.13 0.98 0.98 -0.004
G103 101.440 36.080 0.11 -2.48 0.70 0.70 0.000
G104 104.160 35.880 -0.28 0.51 0.92 0.92 -0.002
G105 102.790 35.880 0.33 -0.00 0.92 0.91 0.006
G106 102.540 35.840 0.88 0.13 0.96 0.96 -0.002
G107 104.550 35.540 -0.25 -0.16 0.59 0.58 -0.000
G108 103.210 35.570 0.51 0.16 0.74 0.74 -0.002
G109 102.050 35.540 1.77 0.79 0.61 0.61 0.001
G110 106.680 34.950 -1.68 0.07 0.71 0.71 -0.000
G111 103.840 35.380 -1.25 -0.75 0.88 0.87 -0.001
G112 103.340 35.410 0.51 -0.09 0.99 0.99 -0.002
G113 102.810 35.260 1.10 -0.47 0.71 0.71 0.013
G114 104.100 35.040 -0.03 -0.16 0.73 0.73 -0.001
G115 102.440 35.120 0.88 0.42 0.95 0.94 0.001
G116 104.540 35.050 -1.24 -0.88 0.76 0.76 -0.007
G117 103.710 35.290 0.36 0.21 0.99 0.99 -0.001
G118 102.890 34.950 2.09 -0.88 0.76 0.76 -0.001
G119 104.480 34.850 0.21 0.86 0.90 0.90 -0.004
G120 104.940 34.710 -0.01 -0.43 0.71 0.71 -0.000
G121 104.910 34.470 0.39 -0.07 0.71 0.71 -0.002
G122 97.050 41.850 -12.37 -5.98 0.71 0.71 -0.000
G123 95.460 41.070 -12.36 -6.01 0.73 0.73 -0.001
G125 96.710 40.640 -11.76 -5.84 0.99 0.99 -0.001
G127 97.680 40.270 -11.49 -5.59 0.72 0.72 -0.001
G128 97.080 40.290 -12.06 -5.15 0.71 0.71 -0.000
G129 97.440 40.030 -11.67 -5.75 0.71 0.71 0.002
G130 96.750 40.040 -11.62 -5.11 0.92 0.92 0.000
G131 95.710 40.080 -12.58 -5.54 0.99 0.99 0.001
G132 98.890 39.910 -11.53 -5.07 0.71 0.71 0.000
G133 99.600 39.700 -10.81 -3.79 0.93 0.93 -0.000
G134 102.320 38.700 -8.67 -1.71 0.71 0.71 -0.001
G135 98.500 39.710 -11.16 -4.99 0.71 0.71 -0.000
G136 98.190 39.840 -11.39 -4.64 0.97 0.97 0.000
G137 97.920 39.850 -11.49 -4.82 1.18 1.18 0.000
G138 97.700 39.570 -10.32 -4.07 0.98 0.98 -0.001
G139 96.750 39.900 -12.05 -5.31 0.92 0.92 0.001
G141 101.140 38.930 -9.32 -2.11 0.71 0.71 -0.000
G142 98.800 39.410 -8.70 -4.66 0.93 0.93 -0.000
G143 99.610 39.150 -9.84 -3.58 0.71 0.71 -0.001
G144 98.000 39.190 -9.18 -4.55 0.71 0.71 0.000
G145 95.610 39.710 -11.32 -5.84 0.71 0.71 0.000
G146 99.620 38.830 -8.54 -3.48 0.72 0.72 0.003
G147 98.270 38.970 -8.52 -3.85 0.91 0.91 -0.001
G148 99.560 38.440 -7.56 -2.84 0.71 0.71 -0.000
G149 98.850 37.980 -4.04 -2.72 0.91 0.90 -0.000
G150 98.660 37.580 -2.94 -2.33 0.19 0.19 0.000
G152 99.490 37.130 -1.32 -2.11 0.71 0.71 -0.001
G153 99.010 37.300 -2.51 -2.44 0.94 0.94 0.001
G154 98.340 37.310 -3.58 -2.27 0.97 0.97 0.001
G156 96.700 37.360 -5.12 -3.46 0.92 0.92 0.000
G157 99.900 36.690 -0.40 -1.06 0.80 0.80 0.000
G158 99.070 36.800 -0.49 -2.28 0.91 0.91 -0.003
G159 98.460 36.940 -2.03 -2.34 0.71 0.71 -0.000
G160 95.000 40.550 -11.98 -6.60 0.99 0.99 0.000
G161 94.810 40.170 -11.19 -7.01 0.59 0.59 0.000
G162 94.550 39.720 -11.31 -6.59 0.71 0.70 -0.001
G163 93.490 39.640 -10.99 -6.74 0.71 0.71 0.001
G164 94.860 39.510 -9.69 -6.26 0.95 0.95 -0.000
G165 93.000 39.290 -9.09 -6.37 0.98 0.98 -0.003
G167 94.360 38.810 -7.08 -5.90 0.99 0.99 0.001
G169 95.000 38.060 -9.33 -5.40 0.72 0.72 -0.002
G170 93.500 37.900 -6.96 -4.03 0.91 0.91 0.004
G171 90.800 38.290 -4.66 -2.23 0.71 0.71 0.001
G172 89.200 38.720 -10.72 -6.63 0.19 0.18 0.001
G301 97.050 42.270 -11.08 -8.08 1.78 1.78 -0.000
G303 102.880 41.810 -11.31 -4.20 1.84 1.83 0.001
G305 96.920 41.230 -9.50 -6.62 1.80 1.80 -0.002
G306 103.730 39.950 -12.23 -2.57 1.82 1.81 -0.002
G307 101.970 39.330 -9.94 -3.70 1.76 1.75 -0.002
G308 98.550 39.940 -9.74 -4.05 1.76 1.76 0.000
G310 105.090 39.630 -6.12 2.43 1.72 1.71 -0.011
G311 94.330 39.620 -8.16 -8.33 1.79 1.78 0.001
G312 94.260 39.410 -5.60 -7.11 1.79 1.79 0.002
G313 97.090 39.460 -6.04 -6.24 1.76 1.76 -0.000
G314 94.310 39.160 -5.90 -9.25 1.82 1.81 0.002
G315 95.460 39.250 -3.64 -6.61 1.81 1.80 -0.001
G316 90.730 38.870 -5.56 -5.61 1.81 1.80 0.004
G318 100.170 38.970 -9.33 -2.76 1.58 1.58 0.002
G319 91.500 38.760 -8.64 -7.18 1.89 1.87 0.007
G320 101.010 38.720 -6.66 -3.65 1.78 1.77 -0.002
G321 100.870 38.610 -5.92 -1.90 1.78 1.78 -0.001
G322 89.560 38.520 -7.94 -7.55 1.80 1.79 0.006
G323 93.420 38.530 -4.62 -5.82 1.82 1.80 0.001
G324 89.870 38.440 -5.60 -6.12 1.80 1.79 0.004
G326 90.100 38.350 -3.13 -6.27 1.80 1.79 0.006
G328 90.270 38.290 -4.08 -5.09 1.84 1.82 0.006
G329 100.740 38.440 -4.70 -2.35 1.33 1.33 -0.001
G330 100.340 38.170 -6.15 -1.68 1.77 1.75 0.000
G331 102.750 38.170 -4.92 -0.65 1.77 1.76 -0.004
G332 92.420 38.070 -3.03 -2.89 1.81 1.80 0.005
G333 89.340 38.110 -2.51 -6.68 1.82 1.80 0.003
G334 100.240 38.010 -4.55 -2.09 1.81 1.80 -0.002
G335 91.680 37.850 -4.55 -3.78 1.81 1.80 0.005
G336 99.410 37.620 -3.03 -3.40 1.81 1.79 -0.002
G337 101.730 37.420 -2.36 -2.46 1.80 1.79 0.000
G338 100.900 37.660 -1.44 -1.57 1.76 1.75 0.002
G339 90.920 37.020 -0.04 -3.70 1.87 1.86 0.009
G340 106.220 37.280 -4.49 0.56 1.87 1.86 -0.006
G341 95.480 37.220 -1.24 -0.59 1.82 1.81 -0.001
G342 106.620 37.120 -2.98 0.71 1.86 1.85 -0.006
G343 104.050 36.990 -1.06 -0.61 1.83 1.83 -0.004
G344 95.370 36.950 -0.10 -1.61 1.83 1.81 0.000
G345 105.640 36.830 -1.04 0.23 1.85 1.84 -0.007
G346 93.620 36.750 -4.46 -4.70 1.81 1.80 0.000
G347 91.890 37.040 -0.20 -2.36 1.89 1.86 0.004
G348 106.680 36.570 -2.10 1.57 1.87 1.86 -0.005
G349 96.450 36.440 -3.47 -1.03 1.82 1.80 -0.002
G351 99.770 36.250 -0.65 -0.61 1.77 1.76 -0.002
G352 105.370 36.000 2.09 0.13 1.93 1.91 -0.006
G354 101.360 35.720 -0.54 0.04 1.82 1.80 -0.003
G355 106.340 35.390 0.57 0.60 1.96 1.94 -0.005
G356 106.210 35.250 -0.06 1.15 1.97 1.96 -0.004
G357 105.200 35.220 2.25 -1.15 1.55 1.54 -0.002
G358 100.810 35.240 4.17 2.13 1.80 1.79 -0.003
G359 106.810 35.140 -0.11 -3.89 1.96 1.94 -0.005
G360 101.710 35.050 5.19 -1.48 1.90 1.88 -0.005
G362 106.560 34.730 3.30 0.24 1.72 1.70 -0.012
G364 101.880 34.570 3.98 0.11 1.91 1.88 -0.003
GRHI 82.490 27.950 10.39 9.17 0.53 0.52 0.054
GSAX 95.760 40.520 -12.33 -6.48 0.50 0.50 -0.028
GSDH 94.680 40.140 -11.14 -7.16 0.59 0.59 -0.024
GSDX 104.600 35.550 -0.26 -0.12 0.59 0.58 -0.053
GSGL 102.890 37.450 -3.93 -0.58 0.58 0.58 0.029
GSGT 99.810 39.410 -10.76 -3.97 0.48 0.48 -0.039
GSJN 105.760 35.530 0.28 -1.34 1.05 1.05 -0.047
GSJT 104.060 37.180 -2.69 -0.70 1.05 1.05 -0.054
GSJY 98.220 39.810 -8.86 -5.31 1.05 1.05 -0.035
GSLX 104.650 35.000 0.72 -1.26 1.05 1.05 -0.037
GSLZ 103.670 36.080 1.57 -0.03 1.05 1.05 -0.057
GSMA 102.060 34.020 5.27 -2.30 0.69 0.69 -0.039
GSML 100.820 38.440 -6.01 -2.16 1.05 1.05 -0.047
GSMQ 103.090 38.630 -6.99 -1.77 1.05 1.05 -0.047
GSMX 104.020 34.430 1.03 -1.75 0.71 0.71 -0.054
GSPL 106.590 35.550 -0.32 -0.12 1.05 1.05 -0.055
GSQS 106.210 34.750 -1.23 -0.85 0.69 0.69 -0.055
GSTS 105.910 34.480 0.59 -2.38 1.06 1.05 -0.030
GSWD 104.820 33.420 -0.00 -1.57 0.62 0.61 -0.006
GUAO 87.180 43.470 -12.82 -11.57 0.51 0.51 0.011
GZFG 107.730 27.980 6.79 1.22 1.07 1.06 -0.048
GZSC 104.860 26.590 10.08 -2.82 1.06 1.04 -0.033
H001 106.510 33.910 -1.58 -0.61 0.71 0.71 0.000
H002 105.810 33.890 -1.77 -2.78 0.71 0.71 -0.000
H003 105.310 34.110 -2.66 -1.83 0.97 0.97 -0.002
H004 106.920 33.620 0.50 -2.07 0.73 0.73 -0.002
H005 105.590 33.700 1.07 -2.72 0.98 0.98 -0.001
H006 105.290 33.780 -3.34 -1.96 0.74 0.74 0.001
H007 106.150 33.340 -0.57 -1.41 0.71 0.71 0.000
H008 105.630 33.400 -1.06 -2.09 0.74 0.74 0.003
H009 106.020 32.960 0.50 -1.46 0.98 0.97 -0.002
H010 105.230 32.570 1.07 -1.72 0.92 0.92 0.008
H011 105.830 32.450 1.64 -0.86 0.79 0.78 -0.001
H012 105.460 32.020 0.67 -1.67 0.96 0.96 -0.001
H013 103.250 34.750 0.83 -0.79 0.71 0.71 -0.001
H014 104.070 34.400 1.07 -1.70 0.71 0.71 -0.001
H015 102.500 34.590 0.85 -0.12 0.92 0.92 -0.001
H016 104.380 34.050 -0.09 -1.46 0.93 0.93 -0.002
H017 103.150 34.110 1.93 -1.50 0.71 0.71 -0.002
H018 102.130 34.000 5.28 -2.22 0.69 0.69 -0.002
H019 104.400 33.790 -0.07 -1.93 0.72 0.71 0.008
H020 103.730 33.940 1.04 -1.07 0.71 0.71 -0.000
H021 104.820 33.420 -0.00 -1.57 0.62 0.61 -0.001
H022 104.620 33.000 0.03 -2.99 0.71 0.71 0.000
H024 104.230 33.230 5.64 -4.62 0.75 0.75 -0.001
H025 103.430 32.930 3.01 -3.40 0.94 0.94 -0.002
H026 102.990 33.570 4.42 -2.98 1.00 1.00 -0.000
H027 101.480 33.430 5.61 -2.34 0.74 0.74 -0.001
H028 101.710 32.900 6.27 -3.38 0.97 0.96 -0.002
H029 100.590 33.090 8.26 -2.71 0.92 0.92 -0.003
H030 103.610 32.590 2.33 -3.19 0.71 0.71 0.000
H031 102.500 32.790 4.40 -2.92 0.95 0.95 0.004
H032 104.570 32.410 2.07 -2.85 0.76 0.76 -0.001
H033 104.830 32.180 0.65 -2.26 0.70 0.70 -0.000
H034 103.730 32.360 1.93 -4.27 0.75 0.75 -0.001
H035 104.440 31.800 2.33 -3.38 0.97 0.97 -0.002
H037 103.170 32.080 2.58 -4.18 0.75 0.75 -0.000
H039 100.730 31.860 6.01 -5.66 0.88 0.87 -0.002
H040 101.610 31.770 5.59 -5.99 0.95 0.95 0.000
H041 101.070 32.320 7.21 -4.59 0.18 0.18 -0.001
H042 100.330 32.270 10.31 -4.60 0.16 0.16 -0.001
H043 104.780 31.490 1.82 -2.81 0.71 0.71 -0.001
H044 104.190 31.350 1.19 -3.46 0.76 0.75 -0.000
H045 103.610 31.470 -1.66 -3.59 0.71 0.71 -0.000
H046 102.670 31.850 2.27 -6.12 0.76 0.75 -0.000
H047 102.100 31.470 3.95 -6.05 0.99 0.99 -0.001
H048 104.440 31.160 3.03 -3.88 0.99 0.99 -0.003
H049 103.690 31.060 -0.14 -3.71 0.75 0.75 -0.005
H050 103.150 31.010 2.82 -5.70 0.71 0.71 -0.004
H051 102.770 30.990 5.05 -6.22 0.76 0.75 0.002
H053 101.160 30.960 14.22 -10.18 0.60 0.59 0.001
H056 100.300 31.650 11.58 -9.63 0.71 0.71 0.001
H057 100.240 31.320 18.39 -12.89 0.72 0.72 0.005
H058 104.080 30.730 2.87 -3.78 0.91 0.91 -0.002
H059 103.870 30.690 2.92 -1.41 0.90 0.89 -0.001
H060 103.410 30.420 1.86 -5.62 0.97 0.97 -0.002
H061 102.840 30.250 4.88 -5.24 0.71 0.71 0.000
H062 100.930 31.140 20.90 -11.64 0.71 0.70 0.001
H063 100.310 30.920 16.80 -13.41 0.72 0.71 0.000
H064 103.850 30.040 -1.27 -3.54 0.94 0.93 -0.019
H065 103.000 29.980 4.11 -7.26 0.76 0.75 -0.009
H066 101.790 30.070 6.52 -13.59 0.98 0.97 0.001
H067 101.490 30.080 11.51 -14.82 0.72 0.71 0.002
H068 101.020 30.110 9.99 -15.83 0.82 0.81 -0.003
H069 99.170 30.090 12.28 -14.06 0.71 0.71 -0.000
H072 102.820 29.790 4.26 -4.86 0.71 0.71 -0.000
H073 102.290 29.850 5.29 -5.94 0.95 0.95 0.001
H074 101.560 29.850 12.60 -14.95 0.81 0.80 0.001
H075 100.390 29.700 13.32 -17.52 0.72 0.71 -0.000
H076 103.470 29.600 3.99 -5.65 0.98 0.97 -0.001
H077 102.660 29.350 2.61 -7.34 0.88 0.86 0.001
H078 102.080 29.690 8.99 -9.28 0.72 0.71 0.000
H079 101.520 30.330 15.70 -14.49 0.93 0.92 -0.002
H080 100.120 29.180 12.38 -18.52 0.74 0.73 -0.002
H081 103.260 29.230 5.25 -4.88 0.91 0.91 0.000
H082 102.440 29.260 6.62 -10.58 0.78 0.77 -0.007
H083 101.520 28.960 9.92 -16.29 0.72 0.72 -0.000
H086 103.040 28.850 7.03 -5.62 0.72 0.71 0.000
H087 102.770 28.960 7.50 -7.62 0.72 0.72 -0.000
H088 103.980 28.610 6.13 -3.59 0.92 0.91 -0.001
H089 103.120 28.310 6.41 -6.03 0.77 0.76 -0.002
H090 102.530 28.670 9.67 -10.59 0.92 0.91 -0.002
H091 102.440 28.300 10.63 -10.18 0.92 0.92 0.006
H092 102.130 28.510 10.07 -14.72 0.87 0.86 -0.001
H093 103.640 28.250 8.09 -3.26 0.72 0.72 0.001
H094 102.830 28.000 9.41 -8.96 0.71 0.70 -0.004
H095 102.230 27.870 10.78 -14.91 0.93 0.93 -0.009
H096 101.240 27.660 10.56 -16.99 0.72 0.71 -0.000
H097 100.650 27.750 10.76 -18.74 0.71 0.71 -0.001
H098 103.890 27.770 7.79 -4.19 0.71 0.71 -0.001
H099 103.270 27.680 6.30 -4.97 0.97 0.96 0.002
H100 102.790 27.690 9.70 -9.30 0.90 0.20 -0.001
H101 103.690 27.360 10.60 -3.51 0.72 0.71 -0.002
H102 102.550 27.370 10.60 -12.16 0.71 0.70 0.000
H103 102.190 27.450 10.60 -15.56 0.71 0.71 0.001
H104 101.710 27.540 11.19 -15.78 0.78 0.77 -0.002
H106 100.930 27.140 11.12 -16.14 0.71 0.70 0.001
H107 100.060 27.110 6.49 -19.99 0.72 0.71 0.002
H108 102.910 26.930 10.15 -10.37 0.94 0.93 -0.002
H109 102.610 26.620 10.44 -13.80 0.99 0.99 -0.000
H110 102.260 26.690 9.75 -14.68 0.92 0.91 -0.000
H111 102.100 26.830 16.89 -16.55 1.00 0.99 -0.001
H112 101.960 27.050 10.41 -15.71 0.71 0.71 -0.000
H113 101.850 26.690 11.26 -16.03 0.98 0.97 0.000
H114 101.240 26.680 12.19 -16.39 0.71 0.71 -0.000
H116 101.750 26.500 10.00 -15.94 0.99 0.99 -0.001
H117 100.760 26.670 11.11 -17.02 0.70 0.70 0.001
H118 100.160 26.510 10.23 -17.98 0.89 0.88 -0.001
H119 103.230 26.410 9.30 -7.81 0.97 0.96 0.002
H124 100.090 25.980 8.19 -19.05 0.71 0.71 0.000
H131 100.560 25.800 7.21 -15.24 0.99 0.99 0.000
H146 101.630 24.690 6.97 -7.77 0.80 0.79 0.033
H149 102.580 24.380 10.24 -13.13 0.99 0.98 -0.003
H155 102.750 24.120 9.57 -9.45 0.99 0.98 0.005
H156 102.500 23.720 9.97 -8.72 0.80 0.79 0.001
H162 100.090 23.880 6.22 -13.85 0.72 0.71 0.001
H164 103.400 23.470 12.18 -5.43 0.60 0.59 0.001
H165 103.280 23.710 13.78 -6.06 0.20 0.19 0.003
H166 102.840 23.220 12.09 -7.64 0.71 0.71 0.004
H167 102.400 23.000 10.98 -9.12 0.59 0.58 -0.000
H170 103.690 22.980 11.89 -1.91 0.73 0.71 0.004
H172 103.930 22.530 12.96 -1.45 0.88 0.80 -0.003
H173 103.220 22.770 10.75 -4.62 0.98 0.97 0.000
H175 101.060 22.510 9.20 -10.79 0.75 0.72 0.008
H179 100.450 21.950 9.42 -9.06 0.68 0.64 0.001
H182 100.010 31.620 17.33 -9.94 0.59 0.59 -0.000
H186 98.600 29.670 15.53 -13.69 0.74 0.73 -0.001
H187 98.690 29.240 14.17 -15.28 0.90 0.20 -0.001
H188 99.250 28.840 14.55 -17.18 0.92 0.91 -0.003
H189 99.740 29.000 13.02 -16.74 0.71 0.71 0.000
H190 99.760 28.320 11.18 -18.31 0.74 0.73 -0.001
H191 98.910 28.440 12.46 -16.64 0.99 0.98 -0.000
H192 99.710 27.830 7.79 -19.97 0.52 0.51 -0.005
H193 99.030 27.610 8.29 -17.12 0.71 0.71 0.001
H194 98.670 27.760 8.32 -15.61 0.75 0.75 -0.001
H196 99.290 27.180 6.63 -17.74 0.98 0.98 0.001
H198 99.930 26.450 5.52 -18.13 0.71 0.71 0.000
H199 99.440 26.470 1.90 -16.87 0.95 0.94 0.000
H200 98.920 26.550 3.13 -16.44 0.72 0.71 0.000
H201 99.990 26.140 5.00 -17.27 0.99 0.99 0.001
H202 99.370 25.890 2.03 -18.65 0.72 0.72 0.000
H203 98.810 25.990 5.03 -15.86 0.99 0.98 -0.006
H204 99.920 25.720 3.32 -16.65 1.00 0.99 0.001
H205 99.530 25.460 6.06 -18.97 0.79 0.79 0.001
H206 99.110 25.650 2.15 -16.13 0.71 0.71 0.000
H207 99.150 25.070 2.97 -15.99 0.72 0.71 0.001
H210 99.640 24.840 6.24 -14.65 0.95 0.95 0.001
H212 98.300 24.810 3.03 -13.02 0.71 1.00 -0.004
H213 97.940 24.710 -1.73 -9.01 0.96 0.96 0.003
H217 98.290 24.260 0.22 -11.13 0.73 0.72 0.001
H218 97.860 24.010 1.44 -9.70 0.79 0.78 0.001
H301 104.190 34.700 2.19 -0.06 1.75 1.72 -0.009
H303 103.900 34.230 7.38 -2.98 1.91 1.89 -0.004
H304 104.940 34.010 -0.93 1.47 1.87 1.86 -0.004
H305 105.110 33.480 4.83 -0.45 1.92 1.90 0.003
H311 98.810 31.210 23.80 -9.46 1.80 1.79 0.007
H321 99.580 31.040 23.18 -11.02 1.79 1.77 -0.001
HYDE 78.550 17.420 30.50 5.10 0.51 0.51 0.033
I001 94.670 43.240 -13.51 -6.56 0.91 0.91 0.000
I002 93.000 43.600 -13.52 -5.37 0.82 0.82 0.002
I003 91.470 43.480 -13.25 -6.82 0.72 0.72 0.000
I033 88.250 40.270 -10.72 -8.24 0.76 0.75 0.002
I034 88.180 39.020 -9.60 -9.12 0.59 0.59 0.001
I035 86.980 38.510 -10.46 -8.48 0.73 0.73 -0.002
I064 83.610 39.020 -9.93 -10.48 0.59 0.59 0.001
I065 83.160 38.260 -10.92 -10.55 0.96 0.95 0.004
I066 83.810 37.590 -9.88 -9.68 0.69 0.69 0.000
I067 82.700 37.050 -11.97 -9.62 0.95 0.94 0.003
I068 81.660 36.840 -11.17 -9.58 0.71 0.71 0.001
I069 82.990 36.740 -11.18 -8.42 0.98 0.98 0.000
I070 81.480 36.460 -11.58 -9.36 0.94 0.94 0.003
I087 79.960 37.100 -10.84 -9.99 0.91 0.91 0.006
I398 88.210 39.280 -7.83 -7.99 1.80 1.79 0.007
I400 88.930 38.990 -10.90 -8.72 1.86 1.86 0.006
I412 84.520 37.130 -7.09 -8.44 1.81 1.80 0.012
I415 83.600 36.720 -5.29 -6.79 1.87 1.87 0.009
I418 79.990 36.400 -6.53 -7.96 1.80 1.80 0.011
IISC 77.570 13.020 35.61 5.63 0.51 0.51 0.033
J001 101.610 34.720 2.10 0.51 0.71 0.71 -0.001
J002 98.100 36.270 -1.18 -2.13 0.59 0.58 0.001
J003 99.970 35.620 -1.27 -0.59 0.57 0.57 0.002
J004 95.530 34.550 11.36 -7.03 0.79 0.78 -0.001
J005 98.210 34.890 7.63 -1.81 0.72 0.72 -0.003
J006 99.690 33.800 8.42 -2.70 0.70 0.70 0.000
J008 95.260 32.890 19.35 -6.73 0.98 0.98 0.002
J009 99.190 31.940 14.76 -9.24 0.78 0.78 -0.001
J010 97.170 31.160 18.35 -9.15 0.70 0.69 0.001
J011 95.600 29.940 20.29 -6.26 0.79 0.78 -0.001
J012 98.000 29.710 14.12 -12.45 0.71 0.70 0.001
J016 92.440 34.210 17.51 -2.88 0.72 0.71 0.002
J018 91.670 32.250 17.73 -0.80 0.96 0.95 0.002
J019 94.100 31.920 20.66 -4.29 0.75 0.74 0.001
J020 92.070 31.510 19.69 -0.57 0.76 0.75 0.002
J021 91.110 30.480 17.27 3.30 0.70 0.99 0.000
J022 93.150 29.940 19.71 -0.90 0.71 0.71 0.009
J025 91.110 32.010 16.99 -0.30 0.71 0.70 0.001
J026 88.690 31.130 14.60 3.52 0.77 0.77 0.000
J027 90.550 30.090 17.42 3.30 0.85 0.84 0.007
J028 92.870 30.750 20.04 -1.41 0.71 0.70 0.002
J029 88.560 28.240 13.66 9.29 0.71 0.70 0.001
J030 87.060 28.590 12.25 6.61 0.78 0.77 0.000
J032 92.400 28.420 19.17 3.49 0.77 0.77 0.000
J033 90.560 28.420 15.38 9.42 0.78 0.77 0.003
J034 91.910 27.970 16.68 6.36 0.71 0.70 0.001
J035 89.200 31.990 14.17 1.57 0.77 0.77 0.000
J036 86.440 31.930 10.99 1.15 0.79 0.79 0.001
J037 88.840 29.360 13.95 6.39 0.97 0.97 0.001
J038 87.090 29.320 12.86 4.74 0.80 0.80 -0.001
J039 89.560 28.910 14.50 8.65 0.71 0.70 0.001
J040 85.440 28.960 10.66 5.21 0.97 0.97 0.001
J041 85.970 28.150 11.75 7.06 0.93 0.92 -0.002
J042 89.150 27.720 15.91 12.41 0.80 0.79 -0.001
J043 84.130 32.300 5.27 -1.15 0.99 0.99 0.002
J044 81.190 32.380 0.60 -6.16 0.78 0.77 0.001
J045 81.180 30.290 3.78 -3.16 0.91 0.90 0.002
J046 82.830 30.390 4.22 -1.59 0.71 0.71 0.001
J047 77.010 36.580 -8.11 -8.12 0.70 0.70 0.001
J049 79.940 33.560 -1.39 -8.21 0.86 0.86 0.001
J308 79.100 31.890 -1.32 -7.45 1.69 1.64 0.018
J311 79.810 31.500 -2.84 -5.95 1.95 1.91 0.010
J312 79.860 34.950 -5.40 -9.29 1.82 1.82 0.009
J314 80.290 31.710 3.31 -5.46 1.93 1.90 0.007
J315 80.340 34.440 -7.22 -6.02 1.93 1.91 0.011
J318 80.430 30.960 5.75 -3.02 1.93 1.90 0.009
J320 81.860 30.720 0.43 -3.47 1.80 1.79 0.017
J321 82.170 34.240 2.08 -5.66 1.54 1.52 0.027
J322 82.190 32.240 -2.05 -6.44 1.81 1.80 0.010
J323 82.250 31.510 5.01 -4.17 1.82 1.79 0.007
J326 83.240 29.800 5.64 -0.66 1.81 1.79 0.008
J327 83.330 32.410 2.10 -2.88 1.82 1.79 0.010
J328 83.560 30.770 6.42 -0.43 1.64 1.60 0.022
J329 83.680 31.650 7.74 -2.01 1.63 1.61 0.017
J330 83.970 31.030 7.63 -1.22 1.88 1.86 0.022
J331 84.020 33.160 1.27 -4.16 1.83 1.80 0.015
J332 84.040 29.720 10.79 -0.74 1.91 1.84 0.005
J334 85.070 31.350 7.34 -1.17 1.91 1.84 0.007
J335 85.270 32.020 5.50 -1.07 1.68 1.65 0.006
J336 85.200 30.690 8.21 0.46 1.87 1.84 0.006
J337 85.640 29.440 9.05 2.02 1.89 1.84 0.003
J338 85.690 29.960 7.91 1.37 1.87 1.85 0.005
J339 86.390 28.690 12.32 4.30 1.88 1.84 0.001
J340 86.520 30.000 12.32 3.04 1.88 1.84 0.000
J341 87.170 31.200 12.06 2.12 1.69 1.65 0.004
J342 87.000 30.620 12.59 3.04 1.71 1.66 -0.000
J343 84.830 35.470 -1.66 -6.43 1.93 1.92 0.011
J344 85.710 35.470 -2.85 2.70 1.95 1.92 0.009
J345 87.350 31.600 11.24 0.41 1.97 1.91 0.004
J346 87.770 28.540 14.10 6.65 1.88 1.83 0.002
J347 88.240 29.430 16.05 5.55 1.88 1.84 0.002
J348 88.670 33.260 13.30 -0.29 1.93 1.86 0.004
J350 89.030 31.430 15.89 4.59 1.90 1.85 0.004
J351 90.070 31.420 12.45 3.09 1.87 1.85 0.004
J352 89.310 27.930 16.63 11.79 1.89 1.84 0.001
J353 89.630 28.320 14.02 9.12 1.85 1.82 0.005
J354 90.020 31.360 17.63 2.24 1.90 1.86 0.001
J356 89.910 28.620 18.31 7.82 1.89 1.85 0.007
J357 90.110 28.930 15.31 8.23 1.88 1.84 0.009
J358 90.150 29.440 15.68 7.07 1.93 1.89 0.001
J359 90.270 29.320 16.41 8.81 1.93 1.89 0.002
J360 90.560 30.210 15.78 4.12 1.52 1.49 -0.001
J361 90.820 32.010 19.33 -0.60 1.93 1.86 0.002
J362 90.900 31.450 18.81 1.17 1.87 1.84 0.004
J364 91.690 31.870 18.99 -0.38 1.95 1.88 0.004
J366 91.850 32.560 17.31 0.40 1.95 1.90 0.010
J367 91.890 28.960 20.56 4.84 1.91 1.86 0.007
J368 91.950 33.480 12.08 -1.00 1.87 1.85 -0.001
J369 91.920 32.870 16.13 -2.93 1.88 1.85 0.000
J370 92.610 34.370 18.40 -6.39 1.88 1.87 0.002
J372 92.940 34.830 10.18 -8.43 1.89 1.85 0.002
J373 92.830 31.790 19.46 -3.65 1.92 1.86 0.003
J374 93.360 35.350 24.19 -10.08 1.95 1.93 0.001
J375 93.070 29.040 19.34 1.41 1.86 1.83 0.004
J376 93.590 35.420 19.58 -7.53 1.94 1.93 0.002
J377 94.060 35.620 17.28 -7.52 1.87 1.86 0.002
J379 94.100 35.710 1.87 -0.49 1.86 1.85 0.002
J380 94.360 35.870 2.35 2.30 1.95 1.93 -0.002
J382 94.630 31.590 22.82 -6.51 1.83 1.79 0.003
J383 94.800 35.920 -3.97 -3.02 1.90 1.89 -0.000
J384 94.750 34.920 14.57 -2.28 1.88 1.86 0.017
J385 95.230 35.740 2.51 -0.36 1.84 1.81 0.001
J386 95.370 33.830 17.37 1.19 1.90 1.87 -0.001
J387 95.480 31.450 24.82 -16.79 1.82 1.75 0.004
J388 95.810 30.750 15.96 -10.13 1.91 1.87 0.003
J389 96.100 29.750 17.79 -12.92 1.96 1.91 -0.006
J390 96.410 31.490 22.39 -10.27 1.84 1.79 0.004
J391 96.420 35.730 0.72 -0.16 1.84 1.82 0.002
J393 96.890 30.060 12.95 -12.65 1.95 1.93 0.011
J394 97.050 28.450 13.64 -9.58 1.79 1.52 0.050
J395 97.180 29.280 10.70 -11.43 1.90 1.89 -0.051
J396 97.180 33.710 15.48 4.07 1.88 1.84 0.001
J399 97.500 34.020 11.46 -0.49 1.83 1.81 -0.002
J400 97.960 34.400 13.36 -0.09 1.46 1.44 -0.002
J401 97.960 35.500 4.69 0.41 1.81 1.79 -0.002
J402 98.230 31.510 22.15 -10.19 1.81 1.78 -0.008
J403 98.620 32.380 18.25 -5.97 1.82 1.79 -0.000
J404 98.600 35.020 7.75 -1.49 1.81 1.80 -0.005
J405 98.870 35.130 7.59 -0.29 1.83 1.82 -0.005
J406 99.200 34.270 11.85 -0.33 1.84 1.80 -0.004
J407 99.220 35.360 3.19 -0.01 1.81 1.79 -0.003
J418 104.270 32.760 1.03 -2.27 2.00 1.99 0.024
J420 98.320 33.050 14.02 -7.49 1.87 1.79 0.006
J421 98.590 31.870 20.78 -9.80 1.80 1.77 0.019
J423 97.510 29.960 13.03 -13.97 1.91 1.87 -0.001
J424 97.100 30.550 21.22 -12.52 1.85 1.79 0.003
J425 97.340 30.810 22.58 -11.17 1.80 1.77 0.002
J426 97.780 31.370 23.66 -11.59 1.78 1.73 0.008
J427 92.350 33.950 23.65 -7.57 1.88 1.85 0.001
JB08 108.090 35.060 -3.46 1.72 0.64 0.63 -0.001
JB23 106.680 33.120 -1.49 -0.93 0.65 0.64 -0.001
JB24 106.030 30.800 2.60 -1.24 0.54 0.54 0.000
JB25 106.670 26.420 8.02 -1.35 0.64 0.62 -0.001
JB26 106.830 22.110 11.91 -1.27 0.61 0.59 -0.000
JB27 105.380 35.140 -1.74 -1.66 0.54 0.54 -0.001
JB28 95.800 40.510 -12.32 -6.43 0.50 0.50 0.001
JB29 99.810 39.410 -10.76 -3.97 0.48 0.48 0.000
JB30 94.870 36.430 -3.40 -2.65 0.67 0.66 0.000
JB31 93.410 38.810 -6.96 -5.32 0.55 0.55 0.001
JB32 90.980 38.590 -7.26 -2.94 0.59 0.58 0.001
JB33 103.890 33.280 3.37 -6.29 0.63 0.63 -0.000
JB34 102.310 31.710 3.86 -5.12 0.54 0.54 -0.000
JB35 101.500 30.490 9.60 -13.11 0.68 0.68 -0.003
JB36 103.530 28.840 6.14 -5.18 0.58 0.58 -0.001
JB37 101.510 27.420 11.56 -16.51 0.49 0.49 -0.001
JB38 100.170 26.880 6.47 -19.96 0.54 0.54 0.000
JB39 101.050 22.740 11.22 -10.40 0.57 0.56 -0.001
JB40 100.280 29.990 13.26 -14.84 0.55 0.54 0.002
JB41 98.500 25.020 1.05 -13.29 0.61 0.60 0.000
JB42 99.920 22.550 9.88 -11.25 0.56 0.55 0.005
JB46 85.540 38.080 -10.35 -10.19 0.52 0.52 0.003
JB49 96.990 33.000 17.18 -7.54 0.67 0.66 -0.000
JB50 96.870 29.390 15.28 -12.88 0.55 0.54 0.001
JB51 93.050 35.090 19.85 -4.51 0.60 0.59 0.003
JB52 91.980 32.990 20.67 -2.77 0.51 0.50 -0.001
JB53 87.770 31.890 12.72 2.05 0.64 0.63 0.000
JB54 86.970 28.390 11.31 6.91 0.55 0.54 -0.003
JB55 79.580 35.460 -6.42 -8.07 0.58 0.57 0.002
JB56 79.800 32.430 -0.33 -7.66 0.53 0.52 -0.000
JMLA 82.190 29.280 5.97 2.06 0.53 0.53 0.064
JMSM 83.740 28.810 9.24 5.05 0.52 0.52 0.025
JRGR 85.060 30.730 10.49 1.32 0.55 0.53 0.020
KKN4 85.280 27.800 11.39 13.05 0.52 0.52 0.036
KLDN 83.600 27.770 11.31 14.61 0.52 0.52 0.028
KMIN 102.800 25.030 7.33 -14.19 0.52 0.51 -0.010
KUNM 102.800 25.030 7.53 -15.19 0.51 0.51 -0.057
LALB 102.170 19.900 16.43 -4.78 1.06 1.04 -0.018
LALX 104.980 18.190 14.75 -1.10 1.12 1.09 -0.009
LHAZ 91.100 29.660 18.79 3.89 0.51 0.51 0.053
MMMZ 97.450 25.430 1.49 -10.15 1.68 1.46 0.046
MMNS 97.770 20.900 9.31 -9.09 1.07 1.04 -0.018
NCRS 90.960 30.770 15.93 2.64 0.54 0.52 0.021
NMAG 122.630 43.300 -4.45 16.31 1.05 1.05 -0.073
NMAY 101.680 39.210 -10.08 -3.41 0.62 0.62 -0.029
NMAL 120.110 43.860 -8.29 14.17 1.05 1.05 -0.094
NMAZ 105.670 38.810 -9.50 3.36 1.06 1.05 -0.054
NMBT 110.020 40.600 -13.69 3.93 1.07 1.07 -0.034
NMDW 116.960 45.510 -12.35 10.23 1.05 1.05 -0.077
NMEL 111.940 43.630 -12.51 6.32 1.07 1.07 -0.071
NMTK 111.250 40.260 -7.47 4.87 1.07 1.07 -0.065
NMWH 106.840 39.660 -8.82 0.45 0.72 0.69 -0.036
NMWJ 108.070 41.300 -9.68 1.29 1.05 1.05 -0.065
NMWL 122.030 46.040 -11.60 16.18 1.06 1.06 -0.068
NMWT 107.060 41.080 -9.85 5.28 1.05 1.05 -0.062
NMZL 115.980 42.230 -8.69 10.77 1.05 1.05 -0.074
NPGJ 81.600 28.120 10.66 12.16 0.53 0.52 0.073
NXHY 105.650 36.550 -1.80 0.84 1.05 1.05 -0.056
NXYC 106.270 38.490 -7.29 2.02 1.07 1.06 -0.063
NXZW 105.240 37.590 -4.39 1.19 1.05 1.05 -0.054
ODRE 87.390 26.870 14.48 20.05 0.52 0.52 0.036
QHBM 100.740 32.930 12.46 -5.15 1.07 1.06 -0.034
QHDL 98.100 36.300 -1.22 -2.13 0.59 0.58 0.003
QHGC 100.130 37.330 -1.30 -2.51 0.72 0.72 -0.035
QHGE 94.770 36.150 0.06 -3.86 1.06 1.05 -0.018
QHLH 93.330 38.740 -6.37 -5.11 1.05 1.05 -0.013
QHMD 98.210 34.920 10.89 -3.01 1.13 1.11 -0.021
QHME 101.400 37.470 -1.72 -1.33 0.69 0.69 0.096
QHMQ 100.250 34.480 8.14 -1.29 1.07 1.06 -0.025
QHMY 90.800 38.480 -6.09 -8.33 1.21 1.19 0.005
QHTR 102.010 35.520 1.79 0.75 0.61 0.61 -0.111
QHTT 92.440 34.220 16.40 -2.98 1.21 1.16 0.015
SCBZ 106.740 31.840 3.32 0.24 1.05 1.04 -0.052
SCDF 101.120 30.980 14.19 -10.23 0.60 0.59 -0.018
SCGY 105.850 32.440 1.65 -0.84 0.79 0.78 -0.037
SCGZ 100.020 31.610 17.35 -9.93 0.59 0.59 -0.028
SCJL 101.500 29.010 10.15 -16.21 1.07 1.05 0.172
SCJU 104.520 28.180 8.38 -2.09 1.06 1.04 -0.093
SCLH 100.670 31.390 16.10 -10.62 1.05 1.04 -0.047
SCMB 103.530 28.840 4.44 -3.08 1.06 1.04 -0.048
SCML 101.280 27.930 20.62 -18.25 1.05 1.04 -0.039
SCMN 102.170 28.330 11.59 -13.38 1.05 1.04 -0.018
SCNC 105.880 30.980 4.97 -0.71 1.05 1.05 -0.029
SCNN 102.720 27.060 11.38 -13.08 1.06 1.05 -0.035
SCPZ 101.740 26.500 11.20 -14.95 1.07 1.05 -0.008
SCSM 102.350 29.230 11.07 -8.08 1.07 1.06 0.015
SCSN 105.560 30.510 5.06 -1.06 1.05 1.04 -0.051
SCTQ 102.770 30.070 7.21 -5.52 1.06 1.05 -0.024
SCXC 99.800 28.940 13.00 -17.08 1.06 1.04 -0.017
SCXD 102.440 28.300 11.23 -10.88 1.05 1.04 -0.024
SCXJ 102.370 31.000 3.25 -7.45 1.05 1.04 -0.043
SCYX 102.510 28.650 10.39 -10.30 1.05 1.04 -0.035
SCYY 101.510 27.430 11.54 -16.51 0.49 0.49 -0.036
SRNK 83.940 28.260 11.46 8.15 0.54 0.53 0.041
TASH 75.230 37.770 -7.52 -9.95 0.50 0.51 0.063
TPLJ 87.710 27.350 12.56 14.28 0.52 0.52 0.046
ULAB 107.050 47.870 -22.07 1.78 0.52 0.52 -0.020
WUSH 79.210 41.200 -9.59 -12.34 0.51 0.51 0.024
XIAA 108.990 34.180 -4.82 5.00 0.51 0.51 -0.020
XIAG 100.250 25.610 5.56 -16.89 0.51 0.51 -0.015
XJAL 88.130 47.860 -20.18 -14.36 1.05 1.06 0.010
XJBC 78.770 39.810 -8.55 -12.08 1.05 1.05 0.044
XJBE 86.860 47.690 -19.09 -15.81 1.06 1.06 0.022
XJBY 83.720 42.830 -10.45 -17.17 1.06 1.06 0.040
XJDS 84.890 44.310 -12.97 -15.16 1.05 1.05 0.030
XJFY 89.540 47.000 -19.27 -10.78 1.05 1.05 0.010
XJHT 79.050 37.160 -8.66 -11.41 1.06 1.06 0.059
XJJJ 94.340 42.850 -12.00 -8.12 1.06 1.06 0.004
XJKC 82.980 41.730 -8.97 -13.13 1.05 1.05 0.035
XJKE 86.190 41.790 -10.71 -10.01 1.06 1.06 0.032
XJKL 84.910 45.610 -13.40 -18.94 1.07 1.07 0.058
XJML 90.300 43.810 -12.84 -10.66 1.05 1.05 0.020
XJQH 90.980 46.150 -20.04 -11.84 1.05 1.06 0.025
XJQM 85.530 38.120 -10.39 -10.19 0.52 0.52 0.040
XJRQ 88.170 39.020 -9.60 -9.12 0.59 0.59 0.033
XJSH 86.110 44.210 -13.25 -14.49 1.05 1.05 0.034
XJSS 90.260 42.890 -12.33 -10.91 1.05 1.06 0.023
XJTC 82.880 46.820 -19.34 -22.93 1.07 1.08 0.072
XJTZ 83.660 38.970 -9.88 -10.43 0.59 0.59 0.036
XJWL 86.720 42.920 -11.57 -12.65 1.07 1.07 0.055
XJWQ 81.000 44.960 -14.66 -21.94 1.05 1.05 0.040
XJXY 83.260 43.400 -12.79 -16.25 1.05 1.06 0.067
XJYN 81.530 43.970 -13.17 -17.61 1.06 1.06 -0.006
XJYT 81.970 36.430 -9.37 -12.66 1.09 1.08 0.059
XJZS 80.360 42.680 -10.44 -19.59 1.05 1.05 0.037
XNIN 101.770 36.600 -0.55 -1.21 0.51 0.51 -0.023
XZAR 87.180 29.270 12.30 -2.57 1.12 1.10 0.032
XZBG 81.430 30.840 5.38 -9.61 1.10 1.08 0.068
XZCD 97.170 31.140 18.37 -9.15 0.70 0.69 -0.129
XZCY 97.470 28.660 13.56 -13.52 1.09 1.07 -0.300
XZDX 91.100 30.480 17.17 0.19 1.08 1.06 0.002
XZGE 80.110 32.520 0.79 -10.54 1.07 1.06 0.073
XZNQ 92.110 31.490 19.41 -3.02 1.06 1.05 0.013
XZRK 88.870 29.250 14.08 2.22 1.11 1.09 0.010
XZRT 79.720 33.390 -0.73 -12.53 1.14 1.12 0.017
XZYD 88.910 27.440 21.88 13.56 1.12 1.10 0.038
XZZB 84.160 29.680 7.72 -3.62 1.14 1.12 0.048
YANC 107.440 37.780 -7.17 0.51 0.51 0.51 -0.024
YARE 84.040 29.530 8.22 2.46 0.54 0.53 0.034
YNCX 101.490 25.050 9.13 -14.52 1.06 1.05 0.002
YNDC 103.180 26.110 10.88 -7.67 1.07 1.05 0.017
YNGM 99.390 23.550 5.96 -12.52 1.08 1.05 0.011
YNJD 100.880 24.440 6.30 -14.20 1.06 1.04 0.038
YNLA 99.950 22.560 8.97 -11.51 1.06 1.04 -0.001
YNLC 100.080 23.870 7.53 -13.27 1.06 1.04 -0.001
YNLJ 100.030 26.700 5.20 -18.03 1.13 1.10 -0.019
YNMH 100.450 21.950 9.42 -9.06 0.68 0.64 -0.014
YNMJ 101.670 23.420 9.36 -13.43 1.05 1.04 -0.026
YNML 103.380 24.400 13.12 -5.55 1.05 1.04 -0.018
YNMZ 103.400 23.360 12.32 -5.43 0.60 0.59 -0.016
YNRL 97.850 24.000 2.16 -10.51 1.06 1.04 0.003
YNSD 99.190 24.710 3.51 -15.84 1.06 1.04 -0.014
YNSM 101.050 22.740 11.22 -10.40 0.57 0.56 -0.002
YNTC 98.440 24.950 1.04 -12.67 1.07 1.06 -0.013
YNTH 102.750 24.120 10.17 -10.15 1.05 1.04 0.004
YNWS 104.250 23.410 8.95 -6.39 1.06 1.04 -0.028
YNXP 101.910 24.100 14.21 -13.56 1.05 1.04 -0.023
YNYL 99.370 25.880 2.64 -17.45 1.06 1.05 0.012
YNYM 101.860 25.690 10.01 -14.72 1.06 1.04 -0.020
YNYS 100.750 26.680 11.10 -17.03 0.70 0.70 -0.028
YNZD 99.700 27.820 7.80 -19.99 0.52 0.51 -0.172
ZHXZ 86.940 28.360 11.75 6.68 0.55 0.53 0.019
