  106.173577, 35.955564
  106.173577, 35.955564
  106.173577, 35.955564
  106.173577, 35.955559
  106.173582, 35.955548
  106.173588, 35.955542
  106.173593, 35.955531
  106.173599, 35.955526
  106.173599, 35.955509
  106.173615, 35.955487
  106.173621, 35.955471
  106.173632, 35.955454
  106.174329, 35.954159
  106.174329, 35.954159
  106.176036, 35.950975
  106.176036, 35.950975
  106.177869, 35.947572
  106.177869, 35.947572
  106.179017, 35.945508
  106.179017, 35.945508
  106.179176, 35.945256
  106.179192, 35.945234
  106.179209, 35.945206
  106.179955, 35.944185
  106.179955, 35.944185
  106.181404, 35.942357
  106.181404, 35.942357
  106.183062, 35.940338
  106.183062, 35.940338
  106.184615, 35.938449
  106.184615, 35.938449
  106.184758, 35.938279
  106.184786, 35.938241
  106.186108, 35.936638
  106.186108, 35.936638
  106.187733, 35.934678
  106.187733, 35.934678
  106.189418, 35.932636
  106.189418, 35.932636
  106.191098, 35.930567
  106.191098, 35.930567
  106.192942, 35.928168
  106.192942, 35.928168
  106.194918, 35.925413
  106.194918, 35.925413
  106.196625, 35.922762
  106.196625, 35.922762
  106.197366, 35.921373
  106.197657, 35.920676
  106.197657, 35.920676
  106.197657, 35.920676
  106.197657, 35.920676
  106.197663, 35.920665
  106.197663, 35.920659
  106.197668, 35.920648
  106.197674, 35.920637
  106.197679, 35.920626
  106.197685, 35.920615
  106.197806, 35.920346
  106.197817, 35.920314
  106.197833, 35.920281
  106.198415, 35.918958
  106.198415, 35.918958
  106.200144, 35.915000
  106.200144, 35.915000
  106.202032, 35.910620
  106.202032, 35.910620
  106.203273, 35.907617
  106.203273, 35.907617
  106.203542, 35.906997
  106.204458, 35.905301
  106.204458, 35.905301
  106.206352, 35.902277
  106.206352, 35.902277
  106.208366, 35.899263
  106.208366, 35.899263
  106.209931, 35.897002
  106.209931, 35.897002
  106.210529, 35.896079
  106.211062, 35.895135
  106.211062, 35.895135
  106.211638, 35.893950
  106.212033, 35.892978
  106.212033, 35.892978
  106.212434, 35.891727
  106.212648, 35.890761
  106.212648, 35.890761
  106.212736, 35.890069
  106.212763, 35.889405
  106.212736, 35.888927
  106.212708, 35.888697
  106.212708, 35.888697
  106.212697, 35.888620
  106.212686, 35.888296
  106.212708, 35.887956
  106.212769, 35.887593
  106.212862, 35.887215
  106.213142, 35.886424
  106.213142, 35.886424
  106.213510, 35.885590
  106.214503, 35.883768
  106.214503, 35.883768
  106.216084, 35.881243
  106.216084, 35.881243
  106.216869, 35.879942
  106.217111, 35.879459
  106.217149, 35.879376
  106.217149, 35.879376
  106.217182, 35.879294
  106.217193, 35.879267
  106.217308, 35.878981
  106.217319, 35.878959
  106.217347, 35.878882
  106.217363, 35.878860
  106.217500, 35.878515
  106.217511, 35.878493
  106.217539, 35.878427
  106.217544, 35.878405
  106.217572, 35.878339
  106.217583, 35.878317
  106.217599, 35.878273
  106.217605, 35.878251
  106.217632, 35.878185
  106.217632, 35.878185
  106.217643, 35.878163
  106.217648, 35.878147
  106.217659, 35.878125
  106.217665, 35.878103
  106.217676, 35.878081
  106.217681, 35.878059
  106.217692, 35.878037
  106.217698, 35.878015
  106.217709, 35.877993
  106.217714, 35.877977
  106.217725, 35.877955
  106.217731, 35.877933
  106.217742, 35.877916
  106.217753, 35.877872
  106.217764, 35.877850
  106.217775, 35.877828
  106.217780, 35.877806
  106.217797, 35.877768
  106.217808, 35.877746
  106.217813, 35.877724
  106.217824, 35.877702
  106.217835, 35.877664
  106.217846, 35.877642
  106.217852, 35.877620
  106.217863, 35.877598
  106.217873, 35.877559
  106.217884, 35.877537
  106.217901, 35.877494
  106.217906, 35.877472
  106.217923, 35.877433
  106.217934, 35.877411
  106.217945, 35.877367
  106.217956, 35.877345
  106.217972, 35.877301
  106.217978, 35.877279
  106.217989, 35.877258
  106.217994, 35.877236
  106.218011, 35.877192
  106.218038, 35.877126
  106.218038, 35.877126
  106.218049, 35.877082
  106.218060, 35.877060
  106.218066, 35.877038
  106.218077, 35.877016
  106.218082, 35.876994
  106.218093, 35.876967
  106.218099, 35.876945
  106.218110, 35.876923
  106.218115, 35.876901
  106.218126, 35.876873
  106.218131, 35.876851
  106.218142, 35.876829
  106.218148, 35.876807
  106.218159, 35.876780
  106.218164, 35.876758
  106.218175, 35.876731
  106.218181, 35.876709
  106.218203, 35.876659
  106.218208, 35.876632
  106.218225, 35.876582
  106.218236, 35.876560
  106.218263, 35.876484
  106.218269, 35.876456
  106.218296, 35.876379
  106.218307, 35.876352
  106.218439, 35.875962
  106.218450, 35.875935
  106.218477, 35.875841
  106.218477, 35.875841
  106.219076, 35.873992
  106.219076, 35.873992
  106.220042, 35.871066
  106.220042, 35.871066
  106.221194, 35.867284
  106.221194, 35.867284
  106.222073, 35.863370
  106.222073, 35.863370
  106.222221, 35.862207
  106.222276, 35.861125
  106.222232, 35.860154
  106.222215, 35.860044
  106.222215, 35.860044
  106.222078, 35.859215
  106.221776, 35.858084
  106.221694, 35.857837
  106.221694, 35.857837
  106.221683, 35.857804
  106.221628, 35.857673
  106.221617, 35.857640
  106.221557, 35.857481
  106.221546, 35.857448
  106.221469, 35.857272
  106.221458, 35.857239
  106.221397, 35.857102
  106.221386, 35.857069
  106.221194, 35.856652
  106.221183, 35.856624
  106.221096, 35.856427
  106.221096, 35.856427
  106.221057, 35.856333
  106.221046, 35.856311
  106.221008, 35.856213
  106.221002, 35.856191
  106.220991, 35.856169
  106.220980, 35.856147
  106.220969, 35.856119
  106.220964, 35.856097
  106.220953, 35.856075
  106.220936, 35.856026
  106.220931, 35.856004
  106.220892, 35.855889
  106.220887, 35.855861
  106.220860, 35.855795
  106.220854, 35.855773
  106.220849, 35.855746
  106.220838, 35.855702
  106.220832, 35.855675
  106.220799, 35.855532
  106.220794, 35.855510
  106.220788, 35.855488
  106.220788, 35.855461
  106.220783, 35.855433
  106.220777, 35.855411
  106.220772, 35.855389
  106.220761, 35.855236
  106.220761, 35.855236
  106.220755, 35.855214
  106.220755, 35.855186
  106.220755, 35.855159
  106.220755, 35.855137
  106.220750, 35.855109
  106.220750, 35.855027
  106.220750, 35.854999
  106.220750, 35.854950
  106.220750, 35.854917
  106.220750, 35.854890
  106.220766, 35.854720
  106.220766, 35.854692
  106.220772, 35.854665
  106.220777, 35.854632
  106.220777, 35.854604
  106.220788, 35.854511
  106.220799, 35.854484
  106.220799, 35.854451
  106.220810, 35.854418
  106.220816, 35.854390
  106.220854, 35.854193
  106.220881, 35.854088
  106.220887, 35.854055
  106.220903, 35.854022
  106.220920, 35.853951
  106.220931, 35.853913
  106.220942, 35.853874
  106.221002, 35.853688
  106.221002, 35.853688
  106.222188, 35.850828
  106.222188, 35.850828
  106.224230, 35.846766
  106.224230, 35.846766
  106.226749, 35.842528
  106.226749, 35.842528
  106.228445, 35.840201
  106.229378, 35.839142
  106.229378, 35.839142
  106.230163, 35.838285
  106.230882, 35.837396
  106.231618, 35.836359
  106.231618, 35.836359
  106.232727, 35.834416
  106.233237, 35.833285
  106.233237, 35.833285
  106.233951, 35.831210
  106.234247, 35.830013
  106.234247, 35.830013
  106.234577, 35.827856
  106.234653, 35.826632
  106.234653, 35.826632
  106.234560, 35.823339
  106.234560, 35.823339
  106.234225, 35.820270
  106.234225, 35.820270
  106.233885, 35.817405
  106.233885, 35.817405
  106.233786, 35.815671
  106.233803, 35.814726
  106.233803, 35.814726
  106.233786, 35.812443
  106.233786, 35.812443
  106.233539, 35.810456
  106.233539, 35.810456
  106.233166, 35.808260
  106.233166, 35.808260
  106.232765, 35.805368
  106.232765, 35.805368
  106.232315, 35.802310
  106.232315, 35.802310
  106.231618, 35.799582
  106.231618, 35.799582
  106.230493, 35.796618
  106.230493, 35.796618
  106.228775, 35.792858
  106.228775, 35.792858
  106.228775, 35.792858
  106.228775, 35.792858
  106.228769, 35.792847
  106.228764, 35.792842
  106.228758, 35.792831
  106.228753, 35.792820
  106.228742, 35.792803
  106.228720, 35.792770
  106.228709, 35.792748
  106.227304, 35.790481
  106.227304, 35.790481
  106.223955, 35.785157
  106.223955, 35.785157
  106.220333, 35.779597
  106.220333, 35.779597
  106.218609, 35.777159
  106.218159, 35.776627
  106.218104, 35.776572
  106.218033, 35.776506
  106.218033, 35.776506
  106.218011, 35.776490
  106.217989, 35.776468
  106.217967, 35.776451
  106.217945, 35.776435
  106.217923, 35.776413
  106.217895, 35.776396
  106.217873, 35.776375
  106.217852, 35.776358
  106.217830, 35.776336
  106.217802, 35.776320
  106.217780, 35.776303
  106.217753, 35.776281
  106.217731, 35.776265
  106.217703, 35.776248
  106.217681, 35.776226
  106.217204, 35.775892
  106.217176, 35.775875
  106.217121, 35.775837
  106.217089, 35.775820
  106.217061, 35.775798
  106.216715, 35.775579
  106.216715, 35.775579
  106.215189, 35.774673
  106.215189, 35.774673
  106.213960, 35.773893
  106.213938, 35.773872
  106.213861, 35.773817
  106.213834, 35.773800
  106.213784, 35.773762
  106.213784, 35.773762
  106.213762, 35.773745
  106.213735, 35.773723
  106.213691, 35.773690
  106.213663, 35.773668
  106.213641, 35.773652
  106.213619, 35.773636
  106.213592, 35.773614
  106.213570, 35.773597
  106.213548, 35.773581
  106.213504, 35.773542
  106.213482, 35.773526
  106.213460, 35.773504
  106.213416, 35.773465
  106.213394, 35.773449
  106.213334, 35.773394
  106.213312, 35.773378
  106.213274, 35.773339
  106.213257, 35.773317
  106.213180, 35.773246
  106.213060, 35.773114
  106.213043, 35.773098
  106.213027, 35.773076
  106.212933, 35.772966
  106.212922, 35.772944
  106.212906, 35.772927
  106.212846, 35.772834
  106.212846, 35.772834
  106.212818, 35.772796
  106.212747, 35.772664
  106.212648, 35.772455
  106.212494, 35.772055
  106.212478, 35.771983
  106.212461, 35.771950
  106.212439, 35.771879
  106.212428, 35.771841
  106.212390, 35.771687
  106.212373, 35.771648
  106.212275, 35.771231
  106.212275, 35.771231
  106.212143, 35.770474
  106.212055, 35.769607
  106.212028, 35.768520
  106.212028, 35.768520
  106.212072, 35.767466
  106.212209, 35.766335
  106.212472, 35.764985
  106.212472, 35.764985
  106.212824, 35.763722
  106.213301, 35.762416
  106.214004, 35.760906
  106.214004, 35.760906
  106.214004, 35.760906
  106.214004, 35.760901
  106.214004, 35.760901
  106.214004, 35.760901
  106.214004, 35.760901
  106.214009, 35.760901
  106.214009, 35.760895
  106.214015, 35.760890
  106.214015, 35.760890
  106.214015, 35.760879
  106.214020, 35.760879
  106.214026, 35.760874
  106.214031, 35.760868
  106.214031, 35.760857
  106.214042, 35.760846
  106.214048, 35.760841
  106.214053, 35.760830
  106.214064, 35.760813
  106.214070, 35.760808
  106.214075, 35.760797
  106.214081, 35.760786
  106.214097, 35.760769
  106.214103, 35.760753
  106.214113, 35.760747
  106.214130, 35.760720
  106.214135, 35.760709
  106.214146, 35.760692
  106.214152, 35.760681
  106.214190, 35.760626
  106.214201, 35.760610
  106.214212, 35.760594
  106.214223, 35.760583
  106.214234, 35.760566
  106.214245, 35.760550
  106.214355, 35.760390
  106.214355, 35.760390
  106.214651, 35.759957
  106.214668, 35.759935
  106.214767, 35.759787
  106.214783, 35.759765
  106.214981, 35.759479
  106.214997, 35.759452
  106.215074, 35.759342
  106.215091, 35.759315
  106.215189, 35.759177
  106.215189, 35.759177
  106.215897, 35.758156
  106.215919, 35.758129
  106.216166, 35.757778
  106.216166, 35.757778
  106.216666, 35.757075
  106.216682, 35.757059
  106.216951, 35.756691
  106.216951, 35.756691
  106.216962, 35.756674
  106.216973, 35.756663
  106.216995, 35.756630
  106.217006, 35.756619
  106.217127, 35.756455
  106.217138, 35.756444
  106.217544, 35.755857
  106.217544, 35.755857
  106.217857, 35.755346
  106.217863, 35.755324
  106.217879, 35.755308
  106.217884, 35.755286
  106.217901, 35.755269
  106.217906, 35.755247
  106.217917, 35.755231
  106.217928, 35.755209
  106.217939, 35.755192
  106.217950, 35.755170
  106.217961, 35.755148
  106.217972, 35.755126
  106.217983, 35.755110
  106.218005, 35.755072
  106.218016, 35.755050
  106.218093, 35.754885
  106.218093, 35.754885
  106.218186, 35.754676
  106.218197, 35.754654
  106.218225, 35.754594
  106.218230, 35.754572
  106.218252, 35.754528
  106.218258, 35.754506
  106.218269, 35.754490
  106.218274, 35.754468
  106.218285, 35.754446
  106.218296, 35.754402
  106.218307, 35.754380
  106.218329, 35.754314
  106.218340, 35.754292
  106.218400, 35.754100
  106.218406, 35.754078
  106.218417, 35.754034
  106.218422, 35.754012
  106.218439, 35.753968
  106.218444, 35.753924
  106.218455, 35.753902
  106.218461, 35.753880
  106.218466, 35.753859
  106.218477, 35.753815
  106.218477, 35.753815
  106.218477, 35.753787
  106.218488, 35.753765
  106.218505, 35.753677
  106.218505, 35.753655
  106.218527, 35.753568
  106.218527, 35.753546
  106.218532, 35.753524
  106.218532, 35.753502
  106.218538, 35.753474
  106.218543, 35.753452
  106.218543, 35.753430
  106.218554, 35.753365
  106.218554, 35.753337
  106.218565, 35.753249
  106.218565, 35.753227
  106.218571, 35.753161
  106.218571, 35.753134
  106.218571, 35.753112
  106.218571, 35.753090
  106.218576, 35.753068
  106.218576, 35.753041
  106.218576, 35.753019
  106.218571, 35.752816
  106.218571, 35.752794
  106.218571, 35.752744
  106.218565, 35.752678
  106.218565, 35.752678
  106.218554, 35.752602
  106.218554, 35.752580
  106.218549, 35.752558
  106.218538, 35.752453
  106.218532, 35.752426
  106.218532, 35.752404
  106.218527, 35.752376
  106.218521, 35.752349
  106.218516, 35.752322
  106.218516, 35.752294
  106.218466, 35.752042
  106.218455, 35.752009
  106.218444, 35.751948
  106.218439, 35.751921
  106.218433, 35.751888
  106.218417, 35.751828
  106.218411, 35.751800
  106.218389, 35.751701
  106.218384, 35.751668
  106.218269, 35.751202
  106.218269, 35.751202
  106.217731, 35.749341
  106.217731, 35.749341
  106.217193, 35.747442
  106.217193, 35.747442
  106.217187, 35.747409
  106.217176, 35.747376
  106.216946, 35.746289
  106.216946, 35.746256
  106.216935, 35.746201
  106.216929, 35.746146
  106.216924, 35.746113
  106.216913, 35.746031
  106.216907, 35.746004
  106.216902, 35.745949
  106.216902, 35.745921
  106.216896, 35.745872
  106.216896, 35.745872
  106.216896, 35.745845
  106.216896, 35.745817
  106.216858, 35.745521
  106.216853, 35.745499
  106.216847, 35.745449
  106.216842, 35.745427
  106.216842, 35.745405
  106.216836, 35.745378
  106.216831, 35.745334
  106.216820, 35.745290
  106.216814, 35.745263
  106.216809, 35.745219
  106.216803, 35.745197
  106.216776, 35.745087
  106.216776, 35.745065
  106.216759, 35.744999
  106.216754, 35.744977
  106.216726, 35.744867
  106.216715, 35.744851
  106.216704, 35.744807
  106.216699, 35.744785
  106.216693, 35.744763
  106.216682, 35.744725
  106.216682, 35.744725
  106.216677, 35.744703
  106.216666, 35.744681
  106.216660, 35.744659
  106.216649, 35.744620
  106.216644, 35.744599
  106.216627, 35.744560
  106.216622, 35.744538
  106.216589, 35.744456
  106.216584, 35.744434
  106.216523, 35.744275
  106.216512, 35.744253
  106.216474, 35.744154
  106.216468, 35.744132
  106.216452, 35.744094
  106.216441, 35.744072
  106.216424, 35.744033
  106.216413, 35.744011
  106.216408, 35.743989
  106.216397, 35.743973
  106.216391, 35.743951
  106.216380, 35.743929
  106.216369, 35.743912
  106.216364, 35.743890
  106.216353, 35.743868
  106.216331, 35.743830
  106.216326, 35.743808
  106.216304, 35.743770
  106.216298, 35.743748
  106.216276, 35.743709
  106.216276, 35.743709
  106.216271, 35.743687
  106.216221, 35.743583
  106.216210, 35.743561
  106.216029, 35.743166
  106.216013, 35.743144
  106.215941, 35.742985
  106.215930, 35.742963
  106.215908, 35.742913
  106.215897, 35.742891
  106.215886, 35.742864
  106.215870, 35.742842
  106.215832, 35.742743
  106.215815, 35.742721
  106.215804, 35.742694
  106.215793, 35.742672
  106.215782, 35.742644
  106.215771, 35.742622
  106.215749, 35.742568
  106.215749, 35.742568
  106.215151, 35.741069
  106.215151, 35.741069
  106.215036, 35.740756
  106.215019, 35.740723
  106.215008, 35.740690
  106.214992, 35.740652
  106.214975, 35.740619
  106.214931, 35.740520
  106.214920, 35.740487
  106.214415, 35.739543
  106.214399, 35.739516
  106.214360, 35.739455
  106.214360, 35.739455
  106.213416, 35.738006
  106.213416, 35.738006
  106.213032, 35.737364
  106.213016, 35.737331
  106.212999, 35.737304
  106.212983, 35.737276
  106.212966, 35.737243
  106.212933, 35.737183
  106.212917, 35.737155
  106.212796, 35.736914
  106.212780, 35.736881
  106.212752, 35.736815
  106.212741, 35.736788
  106.212725, 35.736755
  106.212620, 35.736502
  106.212620, 35.736502
  106.212472, 35.736080
  106.212373, 35.735701
  106.212368, 35.735662
  106.212352, 35.735596
  106.212346, 35.735558
  106.212341, 35.735520
  106.212269, 35.734927
  106.212264, 35.734729
  106.212264, 35.734729
  106.212275, 35.734405
  106.212313, 35.734054
  106.212450, 35.733357
  106.212736, 35.732402
  106.212736, 35.732402
  106.213856, 35.729652
  106.213856, 35.729652
  106.215096, 35.726918
  106.215096, 35.726918
  106.215722, 35.725381
  106.215947, 35.724640
  106.215947, 35.724640
  106.216413, 35.722494
  106.216413, 35.722494
  106.216880, 35.720095
  106.216880, 35.720095
  106.217390, 35.717730
  106.217390, 35.717730
  106.217967, 35.715699
  106.217967, 35.715699
  106.219125, 35.712751
  106.219125, 35.712751
  106.220876, 35.708568
  106.220876, 35.708568
  106.222616, 35.704446
  106.222616, 35.704446
  106.223763, 35.701691
  106.223763, 35.701691
  106.223763, 35.701691
  106.223763, 35.701691
  106.223763, 35.701685
  106.223785, 35.701669
  106.223796, 35.701652
  106.223807, 35.701647
  106.223818, 35.701636
  106.223829, 35.701625
  106.225015, 35.700450
  106.225015, 35.700450
  106.227776, 35.697503
  106.227776, 35.697503
  106.229636, 35.695247
  106.230531, 35.693990
  106.230531, 35.693990
  106.231162, 35.692930
  106.231404, 35.692436
  106.231591, 35.691975
  106.231711, 35.691541
  106.231744, 35.691338
  106.231761, 35.691146
  106.231761, 35.691058
  106.231761, 35.691058
  106.231541, 35.688457
  106.231541, 35.688457
  106.231157, 35.685421
  106.231157, 35.685421
  106.230910, 35.682320
  106.230910, 35.682320
  106.230970, 35.680514
  106.231124, 35.679504
  106.231124, 35.679504
  106.231673, 35.677094
  106.231673, 35.677094
  106.232299, 35.674762
  106.232299, 35.674762
  106.233067, 35.672220
  106.233067, 35.672220
  106.234044, 35.669168
  106.234044, 35.669168
  106.235175, 35.666116
  106.235175, 35.666116
  106.236361, 35.663542
  106.236361, 35.663542
  106.237579, 35.661132
  106.237579, 35.661132
  106.238803, 35.658569
  106.238803, 35.658569
  106.239440, 35.657279
  106.239961, 35.656406
  106.239961, 35.656406
  106.241207, 35.654617
  106.241207, 35.654617
  106.242903, 35.652020
  106.242903, 35.652020
  106.245406, 35.647443
  106.245406, 35.647443
  106.248272, 35.641910
  106.248272, 35.641910
  106.250753, 35.637370
  106.250753, 35.637370
  106.252729, 35.634011
  106.252729, 35.634011
  106.253629, 35.632639
  106.254096, 35.632024
  106.254096, 35.632024
  106.254123, 35.631985
  106.254134, 35.631974
  106.254145, 35.631964
  106.254156, 35.631947
  106.254167, 35.631931
  106.254178, 35.631920
  106.254189, 35.631903
  106.254271, 35.631782
  106.254299, 35.631744
  106.254326, 35.631706
  106.254425, 35.631557
  106.254441, 35.631535
  106.254705, 35.631118
  106.254721, 35.631085
  106.254743, 35.631058
  106.254760, 35.631025
  106.254815, 35.630937
  106.254815, 35.630937
  106.255945, 35.628977
  106.255945, 35.628977
  106.257356, 35.626381
  106.257356, 35.626381
  106.258915, 35.623390
  106.258915, 35.623390
  106.258915, 35.623390
>
  106.147202, 35.988378
  106.149145, 35.987357
  106.149145, 35.987357
  106.150715, 35.986649
  106.150715, 35.986649
  106.150885, 35.986577
  106.150918, 35.986566
  106.151001, 35.986528
  106.151028, 35.986517
  106.151083, 35.986495
  106.151138, 35.986473
  106.151193, 35.986445
  106.151248, 35.986423
  106.151275, 35.986412
  106.151302, 35.986401
  106.151357, 35.986380
  106.151385, 35.986369
  106.151440, 35.986341
  106.151467, 35.986336
  106.151495, 35.986319
  106.151517, 35.986308
  106.151571, 35.986286
  106.151599, 35.986275
  106.151626, 35.986264
  106.151654, 35.986253
  106.151703, 35.986226
  106.151731, 35.986220
  106.151753, 35.986204
  106.151780, 35.986193
  106.151829, 35.986171
  106.151857, 35.986160
  106.151912, 35.986138
  106.151939, 35.986127
  106.152065, 35.986067
  106.152065, 35.986067
  106.152592, 35.985814
  106.152620, 35.985798
  106.152719, 35.985748
  106.152741, 35.985732
  106.152768, 35.985721
  106.152790, 35.985704
  106.152817, 35.985693
  106.152845, 35.985677
  106.152867, 35.985666
  106.152938, 35.985622
  106.152966, 35.985611
  106.153163, 35.985501
  106.153191, 35.985479
  106.153240, 35.985452
  106.153268, 35.985435
  106.153311, 35.985408
  106.153311, 35.985408
  106.153866, 35.985073
  106.153888, 35.985062
  106.154316, 35.984799
  106.154338, 35.984782
  106.154382, 35.984755
  106.154404, 35.984744
  106.154470, 35.984700
  106.154470, 35.984700
  106.154492, 35.984689
  106.154662, 35.984579
  106.154684, 35.984563
  106.154706, 35.984552
  106.154772, 35.984508
  106.154793, 35.984497
  106.155545, 35.983975
  106.155545, 35.983975
  106.155836, 35.983761
  106.155858, 35.983745
  106.155880, 35.983728
  106.156550, 35.983196
  106.156572, 35.983174
  106.156599, 35.983157
  106.156726, 35.983048
  106.156726, 35.983048
  106.158186, 35.981725
  106.158186, 35.981725
  106.158938, 35.981011
  106.158971, 35.980984
  106.159262, 35.980715
  106.159289, 35.980682
  106.159679, 35.980331
  106.159679, 35.980331
  106.160914, 35.979172
  106.160914, 35.979172
  106.160963, 35.979129
  106.160985, 35.979107
  106.161166, 35.978931
  106.161194, 35.978909
  106.162034, 35.978053
  106.162034, 35.978053
  106.163148, 35.976763
  106.163148, 35.976763
  106.163345, 35.976516
  106.163367, 35.976488
  106.163389, 35.976461
  106.163406, 35.976433
  106.163428, 35.976406
  106.163488, 35.976329
  106.163510, 35.976307
  106.163779, 35.975945
  106.163796, 35.975917
  106.164053, 35.975555
  106.164053, 35.975555
  106.164064, 35.975539
  106.164119, 35.975456
  106.164136, 35.975440
  106.164147, 35.975423
  106.164158, 35.975401
  106.164174, 35.975385
  106.164213, 35.975325
  106.164224, 35.975308
  106.164322, 35.975160
  106.164328, 35.975143
  106.164366, 35.975089
  106.164377, 35.975072
  106.164388, 35.975056
  106.164399, 35.975039
  106.164421, 35.975001
  106.164432, 35.974984
  106.164443, 35.974968
  106.164454, 35.974951
  106.164465, 35.974935
  106.164487, 35.974902
  106.164498, 35.974885
  106.164515, 35.974847
  106.164526, 35.974831
  106.164564, 35.974765
  106.164580, 35.974754
  106.164624, 35.974671
  106.164624, 35.974671
  106.164635, 35.974655
  106.164646, 35.974638
  106.164734, 35.974496
  106.164745, 35.974479
  106.164795, 35.974397
  106.164800, 35.974386
  106.164877, 35.974254
  106.164888, 35.974243
  106.164992, 35.974062
  106.165003, 35.974051
  106.165036, 35.974002
  106.165047, 35.973985
  106.165074, 35.973936
  106.165085, 35.973919
  106.165118, 35.973870
  106.165118, 35.973870
  106.165151, 35.973815
  106.165162, 35.973799
  106.165173, 35.973782
  106.165239, 35.973678
  106.165250, 35.973661
  106.165360, 35.973502
  106.165376, 35.973486
  106.165398, 35.973447
  106.165415, 35.973425
  106.165437, 35.973387
  106.165453, 35.973371
  106.165464, 35.973349
  106.165492, 35.973310
  106.165503, 35.973294
  106.165651, 35.973091
  106.165667, 35.973069
  106.165678, 35.973047
  106.165695, 35.973030
  106.165711, 35.973008
  106.165777, 35.972920
  106.165777, 35.972920
  106.165810, 35.972877
  106.165826, 35.972855
  106.166617, 35.971856
  106.166617, 35.971856
  106.167122, 35.971263
  106.167144, 35.971241
  106.167193, 35.971180
  106.167210, 35.971164
  106.167265, 35.971104
  106.167298, 35.971065
  106.167314, 35.971043
  106.167336, 35.971021
  106.167369, 35.970983
  106.167385, 35.970966
  106.167424, 35.970922
  106.167440, 35.970906
  106.167457, 35.970884
  106.167495, 35.970846
  106.167495, 35.970846
  106.167583, 35.970747
  106.167599, 35.970730
  106.167868, 35.970439
  106.167885, 35.970417
  106.168044, 35.970247
  106.168066, 35.970231
  106.168209, 35.970077
  106.168231, 35.970061
  106.168247, 35.970039
  106.168264, 35.970022
  106.168297, 35.969984
  106.168318, 35.969962
  106.168335, 35.969945
  106.168357, 35.969929
  106.168390, 35.969890
  106.168390, 35.969890
  106.168445, 35.969830
  106.168461, 35.969814
  106.168483, 35.969797
  106.168500, 35.969781
  106.168516, 35.969759
  106.168538, 35.969737
  106.168571, 35.969704
  106.168587, 35.969687
  106.168604, 35.969665
  106.168626, 35.969649
  106.168642, 35.969627
  106.169296, 35.968974
  106.169296, 35.968974
  106.169317, 35.968957
  106.169350, 35.968924
  106.169389, 35.968886
  106.169405, 35.968870
  106.169422, 35.968853
  106.169438, 35.968837
  106.169455, 35.968820
  106.169471, 35.968804
  106.169504, 35.968771
  106.169521, 35.968749
  106.169554, 35.968716
  106.169581, 35.968683
  106.169603, 35.968672
  106.169614, 35.968655
  106.169630, 35.968639
  106.169674, 35.968590
  106.169691, 35.968573
  106.169735, 35.968529
  106.169746, 35.968513
  106.169790, 35.968463
  106.169801, 35.968452
  106.169828, 35.968419
  106.169844, 35.968403
  106.169855, 35.968392
  106.169866, 35.968376
  106.169883, 35.968359
  106.169894, 35.968348
  106.169910, 35.968332
  106.169921, 35.968315
  106.169965, 35.968260
  106.169982, 35.968244
  106.170031, 35.968189
  106.170031, 35.968189
  106.170037, 35.968172
  106.170064, 35.968145
  106.170069, 35.968134
  106.170097, 35.968101
  106.170108, 35.968090
  106.170130, 35.968063
  106.170135, 35.968046
  106.170152, 35.968035
  106.170168, 35.968008
  106.170179, 35.967991
  106.170190, 35.967980
  106.170201, 35.967964
  106.170207, 35.967953
  106.170223, 35.967936
  106.170240, 35.967909
  106.170251, 35.967898
  106.170289, 35.967843
  106.170300, 35.967827
  106.170306, 35.967816
  106.170333, 35.967772
  106.170344, 35.967761
  106.170349, 35.967744
  106.170382, 35.967706
  106.170388, 35.967695
  106.170404, 35.967662
  106.170415, 35.967651
  106.170426, 35.967634
  106.170432, 35.967624
  106.170443, 35.967607
  106.170448, 35.967596
  106.170459, 35.967580
  106.170465, 35.967569
  106.170476, 35.967552
  106.170481, 35.967541
  106.170492, 35.967525
  106.170509, 35.967497
  106.170509, 35.967497
  106.170520, 35.967470
  106.170531, 35.967453
  106.170536, 35.967442
  106.170547, 35.967426
  106.170563, 35.967398
  106.170574, 35.967382
  106.170596, 35.967338
  106.170602, 35.967327
  106.170618, 35.967294
  106.170629, 35.967283
  106.170651, 35.967239
  106.170657, 35.967223
  106.170679, 35.967179
  106.170690, 35.967162
  106.170712, 35.967113
  106.170723, 35.967102
  106.170750, 35.967036
  106.170761, 35.967020
  106.170772, 35.966992
  106.170783, 35.966976
  106.170805, 35.966926
  106.170816, 35.966910
  106.170827, 35.966877
  106.170838, 35.966861
  106.170854, 35.966828
  106.170860, 35.966806
  106.170876, 35.966773
  106.170904, 35.966723
  106.170904, 35.966723
  106.170915, 35.966685
  106.170926, 35.966668
  106.170931, 35.966652
  106.170942, 35.966630
  106.171107, 35.966268
  106.171118, 35.966246
  106.171222, 35.966010
  106.171233, 35.965988
  106.171255, 35.965944
  106.171266, 35.965922
  106.171376, 35.965680
  106.171376, 35.965680
  106.171486, 35.965433
  106.171497, 35.965411
  106.171524, 35.965362
  106.171530, 35.965335
  106.171541, 35.965313
  106.171552, 35.965291
  106.171562, 35.965263
  106.171573, 35.965241
  106.171595, 35.965192
  106.171606, 35.965170
  106.171617, 35.965142
  106.171628, 35.965121
  106.171639, 35.965099
  106.171650, 35.965077
  106.171661, 35.965049
  106.171672, 35.965027
  106.171683, 35.965000
  106.171700, 35.964956
  106.171716, 35.964934
  106.171722, 35.964906
  106.171738, 35.964884
  106.171744, 35.964857
  106.171755, 35.964835
  106.171848, 35.964626
  106.171864, 35.964605
  106.171914, 35.964489
  106.171914, 35.964489
  106.171936, 35.964445
  106.171947, 35.964423
  106.171996, 35.964308
  106.172007, 35.964286
  106.172035, 35.964220
  106.172046, 35.964198
  106.172067, 35.964149
  106.172078, 35.964127
  106.172095, 35.964083
  106.172111, 35.964061
  106.172117, 35.964039
  106.172139, 35.963995
  106.172161, 35.963951
  106.172183, 35.963913
  106.172194, 35.963891
  106.172210, 35.963847
  106.172221, 35.963825
  106.172243, 35.963781
  106.172254, 35.963759
  106.172276, 35.963721
  106.172282, 35.963699
  106.172298, 35.963677
  106.172304, 35.963655
  106.172320, 35.963633
  106.172336, 35.963589
  106.172347, 35.963573
  106.172369, 35.963529
  106.172380, 35.963512
  106.172391, 35.963490
  106.172402, 35.963468
  106.172430, 35.963408
  106.172430, 35.963408
  106.172441, 35.963391
  106.172452, 35.963370
  106.172463, 35.963348
  106.172474, 35.963326
  106.172485, 35.963309
  106.172496, 35.963287
  106.172507, 35.963271
  106.172518, 35.963249
  106.172529, 35.963227
  106.172583, 35.963133
  106.172594, 35.963112
  106.172605, 35.963095
  106.172616, 35.963073
  106.172781, 35.962793
  106.172830, 35.962722
  106.172841, 35.962705
  106.172935, 35.962563
  106.172946, 35.962546
  106.172995, 35.962480
  106.172995, 35.962480
  106.173006, 35.962464
  106.173105, 35.962332
  106.173121, 35.962316
  106.173132, 35.962299
  106.173143, 35.962288
  106.173154, 35.962272
  106.173171, 35.962255
  106.173193, 35.962222
  106.173209, 35.962206
  106.173220, 35.962189
  106.173313, 35.962085
  106.173324, 35.962074
  106.173341, 35.962058
  106.173352, 35.962047
  106.173368, 35.962030
  106.173396, 35.961997
  106.173407, 35.961986
  106.173423, 35.961970
  106.173434, 35.961959
  106.173451, 35.961942
  106.173495, 35.961904
  106.173506, 35.961893
  106.173522, 35.961876
  106.173533, 35.961866
  106.173550, 35.961849
  106.173560, 35.961838
  106.173577, 35.961822
  106.173593, 35.961811
  106.173665, 35.961745
  106.173665, 35.961745
  106.173665, 35.961745
>
  106.110497, 36.020192
  106.110497, 36.020192
  106.110502, 36.020187
  106.110513, 36.020181
  106.110519, 36.020176
  106.110535, 36.020170
  106.110552, 36.020159
  106.110563, 36.020148
  106.110579, 36.020143
  106.110607, 36.020126
  106.110623, 36.020115
  106.110656, 36.020099
  106.110673, 36.020088
  106.110695, 36.020077
  106.110909, 36.019950
  106.110936, 36.019929
  106.111705, 36.019473
  106.111705, 36.019473
  106.114509, 36.017799
  106.114509, 36.017799
  106.117666, 36.015867
  106.117666, 36.015867
  106.119933, 36.014374
  106.119933, 36.014374
  106.121629, 36.013177
  106.121629, 36.013177
  106.123616, 36.011816
  106.123616, 36.011816
  106.125383, 36.010559
  106.125411, 36.010531
  106.125482, 36.010482
  106.125482, 36.010482
  106.126415, 36.009746
  106.126745, 36.009450
  106.126761, 36.009433
  106.126799, 36.009395
  106.126799, 36.009395
  106.128144, 36.008160
  106.128144, 36.008160
  106.130104, 36.006469
  106.130104, 36.006469
  106.132288, 36.004653
  106.132288, 36.004653
  106.134319, 36.003050
  106.134319, 36.003050
  106.136284, 36.001595
  106.136284, 36.001595
  106.138376, 36.000058
  106.138376, 36.000058
  106.140412, 35.998516
  106.140412, 35.998516
  106.142180, 35.997067
  106.142180, 35.997067
  106.143041, 35.996315
  106.143074, 35.996287
  106.143689, 35.995755
  106.143689, 35.995755
  106.144556, 35.995008
  106.144584, 35.994986
  106.145056, 35.994580
  106.145056, 35.994580
  106.145155, 35.994492
  106.145182, 35.994470
  106.145385, 35.994300
  106.145407, 35.994278
  106.146253, 35.993548
  106.146253, 35.993548
  106.146275, 35.993526
  106.146296, 35.993510
  106.146318, 35.993493
  106.146340, 35.993471
  106.146362, 35.993449
  106.146384, 35.993433
  106.146428, 35.993395
  106.146450, 35.993373
  106.146516, 35.993318
  106.146554, 35.993285
  106.146598, 35.993246
  106.146620, 35.993230
  106.146642, 35.993208
  106.146681, 35.993169
  106.146725, 35.993137
  106.146747, 35.993120
  106.146769, 35.993098
  106.146823, 35.993043
  106.146867, 35.993010
  106.146922, 35.992955
  106.146944, 35.992939
  106.146983, 35.992906
  106.147005, 35.992890
  106.147059, 35.992835
  106.147098, 35.992802
  106.147120, 35.992785
  106.147136, 35.992769
  106.147153, 35.992752
  106.147191, 35.992719
  106.147208, 35.992703
  106.147268, 35.992654
  106.147268, 35.992654
  106.147268, 35.992654
>
  106.085429, 36.028036
  106.085429, 36.028036
  106.085429, 36.028036
  106.085434, 36.028030
  106.085434, 36.028030
  106.085440, 36.028030
  106.085440, 36.028025
  106.085451, 36.028025
  106.085472, 36.028008
  106.085483, 36.027997
  106.085494, 36.027992
  106.085500, 36.027986
  106.085505, 36.027981
  106.085516, 36.027975
  106.085522, 36.027970
  106.085544, 36.027959
  106.085555, 36.027948
  106.085577, 36.027937
  106.085588, 36.027926
  106.085632, 36.027893
  106.085648, 36.027888
  106.085687, 36.027855
  106.085698, 36.027844
  106.085714, 36.027838
  106.085730, 36.027827
  106.085934, 36.027685
  106.085934, 36.027685
  106.085988, 36.027646
  106.086010, 36.027630
  106.086751, 36.027108
  106.086779, 36.027086
  106.087130, 36.026834
  106.087130, 36.026834
  106.087185, 36.026795
  106.087212, 36.026773
  106.087328, 36.026697
  106.087355, 36.026669
  106.087783, 36.026362
  106.087811, 36.026340
  106.088541, 36.025796
  106.088541, 36.025796
  106.089007, 36.025440
  106.089035, 36.025423
  106.089057, 36.025401
  106.089084, 36.025385
  106.089128, 36.025346
  106.089156, 36.025324
  106.089178, 36.025308
  106.089200, 36.025291
  106.089221, 36.025269
  106.089243, 36.025253
  106.089309, 36.025198
  106.089331, 36.025182
  106.089375, 36.025143
  106.089397, 36.025132
  106.089600, 36.024962
  106.089617, 36.024946
  106.089633, 36.024935
  106.089688, 36.024885
  106.089688, 36.024885
  106.089721, 36.024858
  106.089737, 36.024841
  106.089759, 36.024830
  106.089776, 36.024814
  106.089792, 36.024797
  106.089897, 36.024709
  106.089913, 36.024698
  106.089935, 36.024682
  106.089952, 36.024666
  106.089968, 36.024655
  106.090001, 36.024627
  106.090023, 36.024611
  106.090078, 36.024567
  106.090094, 36.024550
  106.090127, 36.024523
  106.090171, 36.024495
  106.090188, 36.024479
  106.090204, 36.024462
  106.090220, 36.024451
  106.090259, 36.024424
  106.090275, 36.024408
  106.090319, 36.024380
  106.090336, 36.024364
  106.090374, 36.024336
  106.090391, 36.024325
  106.090451, 36.024281
  106.090467, 36.024265
  106.090484, 36.024254
  106.090506, 36.024237
  106.090599, 36.024166
  106.090599, 36.024166
  106.090929, 36.023925
  106.090951, 36.023908
  106.091126, 36.023782
  106.091143, 36.023765
  106.091165, 36.023749
  106.091247, 36.023694
  106.091263, 36.023678
  106.091324, 36.023634
  106.091346, 36.023623
  106.091362, 36.023606
  106.091582, 36.023442
  106.091582, 36.023442
  106.091604, 36.023431
  106.091626, 36.023414
  106.091642, 36.023398
  106.091664, 36.023381
  106.091681, 36.023365
  106.091763, 36.023310
  106.091779, 36.023293
  106.091801, 36.023277
  106.091823, 36.023260
  106.091840, 36.023249
  106.091862, 36.023233
  106.091900, 36.023200
  106.091922, 36.023184
  106.091939, 36.023173
  106.091977, 36.023140
  106.091999, 36.023123
  106.092015, 36.023107
  106.092059, 36.023079
  106.092136, 36.023013
  106.092158, 36.022997
  106.092564, 36.022657
  106.092564, 36.022657
  106.092603, 36.022618
  106.092641, 36.022591
  106.092696, 36.022536
  106.092718, 36.022519
  106.092734, 36.022503
  106.092756, 36.022486
  106.092773, 36.022470
  106.092789, 36.022453
  106.092811, 36.022432
  106.092828, 36.022415
  106.092850, 36.022399
  106.092888, 36.022366
  106.092905, 36.022344
  106.092976, 36.022272
  106.092998, 36.022256
  106.093014, 36.022239
  106.093031, 36.022217
  106.093053, 36.022201
  106.093069, 36.022185
  106.093086, 36.022163
  106.093102, 36.022146
  106.093124, 36.022124
  106.093196, 36.022053
  106.093212, 36.022036
  106.093267, 36.021976
  106.093283, 36.021959
  106.093475, 36.021740
  106.093475, 36.021740
  106.093508, 36.021701
  106.093525, 36.021680
  106.093580, 36.021619
  106.093596, 36.021603
  106.093629, 36.021559
  106.093651, 36.021542
  106.093668, 36.021520
  106.093684, 36.021498
  106.093701, 36.021476
  106.093722, 36.021460
  106.093739, 36.021438
  106.093799, 36.021378
  106.093816, 36.021356
  106.094085, 36.021059
  106.094107, 36.021043
  106.094227, 36.020917
  106.094249, 36.020895
  106.094326, 36.020807
  106.094348, 36.020785
  106.094370, 36.020763
  106.094436, 36.020702
  106.094436, 36.020702
  106.094496, 36.020637
  106.094518, 36.020615
  106.094623, 36.020510
  106.094645, 36.020488
  106.094689, 36.020444
  106.094705, 36.020423
  106.094853, 36.020280
  106.094875, 36.020258
  106.095133, 36.020000
  106.095150, 36.019978
  106.095303, 36.019835
  106.095320, 36.019813
  106.095364, 36.019769
  106.095386, 36.019747
  106.095490, 36.019643
  106.095490, 36.019643
  106.095940, 36.019198
  106.095962, 36.019182
  106.096291, 36.018853
  106.096308, 36.018836
  106.096330, 36.018814
  106.096346, 36.018798
  106.096363, 36.018781
  106.096379, 36.018759
  106.096401, 36.018743
  106.096418, 36.018721
  106.096434, 36.018704
  106.096472, 36.018666
  106.096472, 36.018666
  106.096505, 36.018633
  106.096577, 36.018562
  106.096593, 36.018545
  106.096626, 36.018512
  106.096643, 36.018490
  106.096692, 36.018441
  106.096709, 36.018425
  106.096725, 36.018408
  106.096741, 36.018392
  106.096785, 36.018342
  106.096802, 36.018326
  106.096846, 36.018276
  106.096862, 36.018260
  106.096923, 36.018194
  106.096934, 36.018178
  106.096950, 36.018161
  106.096961, 36.018150
  106.097005, 36.018101
  106.097016, 36.018084
  106.097032, 36.018073
  106.097043, 36.018057
  106.097054, 36.018040
  106.097071, 36.018029
  106.097082, 36.018013
  106.097093, 36.017996
  106.097153, 36.017925
  106.097164, 36.017914
  106.097197, 36.017870
  106.097197, 36.017870
  106.097208, 36.017859
  106.097219, 36.017843
  106.097257, 36.017799
  106.097268, 36.017788
  106.097285, 36.017771
  106.097296, 36.017760
  106.097307, 36.017744
  106.097340, 36.017716
  106.097351, 36.017700
  106.097499, 36.017557
  106.097521, 36.017541
  106.097537, 36.017524
  106.097559, 36.017508
  106.097576, 36.017491
  106.097614, 36.017458
  106.097631, 36.017442
  106.097713, 36.017371
  106.097735, 36.017354
  106.098130, 36.017041
  106.098130, 36.017041
  106.098158, 36.017019
  106.098180, 36.017003
  106.098613, 36.016685
  106.098641, 36.016663
  106.099107, 36.016328
  106.099140, 36.016306
  106.099255, 36.016218
  106.099288, 36.016196
  106.099349, 36.016152
  106.099382, 36.016130
  106.099442, 36.016086
  106.099475, 36.016070
  106.099568, 36.015998
  106.099568, 36.015998
  106.100556, 36.015296
  106.100589, 36.015274
  106.101089, 36.014906
  106.101089, 36.014906
  106.101577, 36.014527
  106.101605, 36.014505
  106.101802, 36.014341
  106.101824, 36.014324
  106.101896, 36.014264
  106.101918, 36.014242
  106.101962, 36.014203
  106.102005, 36.014165
  106.102027, 36.014149
  106.102285, 36.013902
  106.102285, 36.013902
  106.102302, 36.013885
  106.102318, 36.013869
  106.102357, 36.013830
  106.102373, 36.013814
  106.102406, 36.013775
  106.102428, 36.013759
  106.102461, 36.013726
  106.102483, 36.013704
  106.102499, 36.013687
  106.102532, 36.013655
  106.102571, 36.013616
  106.102604, 36.013583
  106.102620, 36.013567
  106.102659, 36.013528
  106.102675, 36.013512
  106.102714, 36.013479
  106.102730, 36.013462
  106.102779, 36.013408
  106.102801, 36.013391
  106.102834, 36.013358
  106.102851, 36.013342
  106.102873, 36.013325
  106.102889, 36.013303
  106.102977, 36.013221
  106.102993, 36.013204
  106.103015, 36.013188
  106.103032, 36.013166
  106.103054, 36.013150
  106.103180, 36.013034
  106.103180, 36.013034
  106.103197, 36.013018
  106.103213, 36.012996
  106.103235, 36.012979
  106.103268, 36.012946
  106.103290, 36.012930
  106.103306, 36.012914
  106.103345, 36.012881
  106.103361, 36.012864
  106.103400, 36.012831
  106.103416, 36.012815
  106.103476, 36.012765
  106.103493, 36.012743
  106.103515, 36.012727
  106.103531, 36.012710
  106.103592, 36.012661
  106.103608, 36.012645
  106.103647, 36.012612
  106.103669, 36.012595
  106.103729, 36.012546
  106.103745, 36.012529
  106.103784, 36.012496
  106.103806, 36.012474
  106.103828, 36.012463
  106.103987, 36.012326
  106.104009, 36.012310
  106.104031, 36.012293
  106.104053, 36.012277
  106.104091, 36.012244
  106.104113, 36.012227
  106.104157, 36.012189
  106.104157, 36.012189
  106.104201, 36.012162
  106.104218, 36.012140
  106.104283, 36.012090
  106.104305, 36.012074
  106.104327, 36.012057
  106.104349, 36.012041
  106.104393, 36.012008
  106.104415, 36.011991
  106.104690, 36.011788
  106.104712, 36.011766
  106.104739, 36.011750
  106.104761, 36.011733
  106.104788, 36.011717
  106.104810, 36.011700
  106.104832, 36.011684
  106.104854, 36.011668
  106.104882, 36.011651
  106.104904, 36.011629
  106.104931, 36.011613
  106.104953, 36.011596
  106.104980, 36.011580
  106.105156, 36.011459
  106.105184, 36.011442
  106.105206, 36.011421
  106.105233, 36.011404
  106.105337, 36.011333
  106.105337, 36.011333
  106.106852, 36.010411
  106.106852, 36.010411
  106.107335, 36.010131
  106.107363, 36.010114
  106.107906, 36.009801
  106.107934, 36.009785
  106.108230, 36.009604
  106.108230, 36.009604
  106.108252, 36.009593
  106.108296, 36.009565
  106.108312, 36.009554
  106.108334, 36.009543
  106.108356, 36.009532
  106.108455, 36.009466
  106.108472, 36.009455
  106.108493, 36.009444
  106.108510, 36.009433
  106.108581, 36.009390
  106.108598, 36.009379
  106.108686, 36.009324
  106.108702, 36.009313
  106.108735, 36.009291
  106.108751, 36.009280
  106.108768, 36.009269
  106.108795, 36.009252
  106.108817, 36.009241
  106.108872, 36.009203
  106.108889, 36.009192
  106.108916, 36.009176
  106.108933, 36.009165
  106.108998, 36.009121
  106.109015, 36.009115
  106.109026, 36.009104
  106.109064, 36.009082
  106.109064, 36.009082
  106.109075, 36.009071
  106.109125, 36.009038
  106.109136, 36.009027
  106.109191, 36.008989
  106.109202, 36.008983
  106.109224, 36.008967
  106.109234, 36.008961
  106.109256, 36.008945
  106.109267, 36.008939
  106.109273, 36.008928
  106.109295, 36.008918
  106.109306, 36.008907
  106.109322, 36.008896
  106.109333, 36.008890
  106.109344, 36.008879
  106.109361, 36.008868
  106.109372, 36.008863
  106.109388, 36.008846
  106.109405, 36.008835
  106.109416, 36.008830
  106.109421, 36.008824
  106.109432, 36.008819
  106.109443, 36.008808
  106.109449, 36.008802
  106.109460, 36.008797
  106.109471, 36.008786
  106.109482, 36.008775
  106.109503, 36.008758
  106.109514, 36.008753
  106.109531, 36.008742
  106.109542, 36.008731
  106.109542, 36.008731
  106.109580, 36.008698
  106.109586, 36.008698
  106.109597, 36.008692
  106.109597, 36.008687
  106.109608, 36.008676
  106.109613, 36.008676
  106.109630, 36.008665
  106.109635, 36.008654
  106.109641, 36.008654
  106.109685, 36.008616
  106.109696, 36.008610
  106.109701, 36.008605
  106.109707, 36.008599
  106.109712, 36.008594
  106.109718, 36.008588
  106.109729, 36.008583
  106.109729, 36.008577
  106.109761, 36.008550
  106.109772, 36.008544
  106.109772, 36.008539
  106.109844, 36.008484
  106.109849, 36.008478
  106.109855, 36.008473
  106.109866, 36.008462
  106.109866, 36.008462
  106.109866, 36.008462
>
  105.922399, 36.133837
  105.924474, 36.131543
  105.924891, 36.131213
  105.925571, 36.130774
  105.928634, 36.128952
  105.929792, 36.128216
  105.930929, 36.127442
  105.931966, 36.126641
  105.932921, 36.125823
  105.936665, 36.122502
  105.937686, 36.121668
  105.938778, 36.120844
  105.939964, 36.120027
  105.941210, 36.119132
  105.942434, 36.118116
  105.943614, 36.117046
  105.946583, 36.114142
  105.947281, 36.113500
  105.947780, 36.113127
  105.948576, 36.112594
  105.959263, 36.104630
  105.968847, 36.096989
  105.972799, 36.093641
  105.975395, 36.090902
  105.975395, 36.090902
  105.980352, 36.085780
  105.980352, 36.085780
  105.985094, 36.081065
  105.985094, 36.081065
  105.989305, 36.077102
  105.989305, 36.077102
  105.994514, 36.072272
  105.994514, 36.072272
  105.999811, 36.067343
  105.999811, 36.067343
  106.004284, 36.063083
  106.004284, 36.063083
  106.005563, 36.061996
  106.008478, 36.060114
  106.008478, 36.060114
  106.013863, 36.057375
  106.013863, 36.057375
  106.018945, 36.055025
  106.018945, 36.055025
  106.021465, 36.053735
  106.022228, 36.053230
  106.022228, 36.053230
  106.024736, 36.051408
  106.024736, 36.051408
  106.028107, 36.049070
  106.028107, 36.049070
  106.031757, 36.046479
  106.031757, 36.046479
  106.035094, 36.043905
  106.035094, 36.043905
  106.038064, 36.041599
  106.038064, 36.041599
  106.040880, 36.039623
  106.040880, 36.039623
  106.043394, 36.037949
  106.043394, 36.037949
  106.045452, 36.036538
  106.045452, 36.036538
  106.048196, 36.034721
  106.048196, 36.034721
  106.052110, 36.032251
  106.052110, 36.032251
  106.056024, 36.029710
  106.056024, 36.029710
  106.058768, 36.027690
  106.058768, 36.027690
  106.060700, 36.026175
  106.060700, 36.026175
  106.062814, 36.024786
  106.062814, 36.024786
  106.064905, 36.023562
  106.064905, 36.023562
  106.066760, 36.022525
  106.066760, 36.022525
  106.068764, 36.021290
  106.068764, 36.021290
  106.071141, 36.019665
  106.071141, 36.019665
  106.073435, 36.017996
  106.073435, 36.017996
  106.075186, 36.016630
>
  105.969901, 36.096709
  105.969901, 36.096709
>
  105.650230, 36.478494
  105.650785, 36.476885
  105.651224, 36.475480
  105.651411, 36.474805
  105.651548, 36.474212
  105.651641, 36.473658
  105.651701, 36.473092
  105.651740, 36.472521
  105.651795, 36.470699
  105.651811, 36.470458
  105.651844, 36.470282
  105.651899, 36.470112
  105.651965, 36.469947
  105.652031, 36.469804
  105.652102, 36.469684
  105.652163, 36.469590
  105.652201, 36.469530
  105.652212, 36.469508
  105.652991, 36.467784
  105.653332, 36.467087
  105.653677, 36.466412
  105.654007, 36.465836
  105.654298, 36.465413
  105.654633, 36.465023
  105.657706, 36.461730
  105.658025, 36.461357
  105.659622, 36.459320
  105.660061, 36.458706
  105.660440, 36.458124
  105.660725, 36.457613
  105.660868, 36.457213
  105.660929, 36.456697
  105.661038, 36.454924
  105.661165, 36.450801
  105.660956, 36.446767
  105.660967, 36.446399
  105.661005, 36.445998
  105.661181, 36.444604
  105.661230, 36.444066
  105.661263, 36.443490
  105.661274, 36.442875
  105.661241, 36.441602
  105.661165, 36.440273
  105.660791, 36.435805
  105.660736, 36.434642
  105.660703, 36.432265
  105.660731, 36.430135
  105.660802, 36.428631
  105.660890, 36.428038
  105.661071, 36.427358
  105.661307, 36.426628
  105.661587, 36.425876
  105.662169, 36.424459
  105.662636, 36.423400
  105.662839, 36.422972
  105.664968, 36.418806
  105.666703, 36.415754
  105.667010, 36.415172
  105.667510, 36.414096
  105.667812, 36.413481
  105.668152, 36.412823
  105.668520, 36.412153
  105.668904, 36.411494
  105.669294, 36.410874
  105.669678, 36.410325
  105.670040, 36.409875
  105.674113, 36.405484
  105.677461, 36.402042
  105.678192, 36.401257
  105.678834, 36.400516
  105.679855, 36.399188
  105.680475, 36.398436
  105.684767, 36.393567
  105.685228, 36.393101
  105.687199, 36.391240
  105.687655, 36.390773
  105.688077, 36.390307
  105.688472, 36.389851
  105.689235, 36.389011
  105.690234, 36.387974
  105.690284, 36.387919
>
  105.694192, 36.398299
  105.695509, 36.397585
  105.696036, 36.397327
  105.696541, 36.397124
  105.697068, 36.396970
  105.697678, 36.396855
  105.698397, 36.396767
  105.699291, 36.396701
  105.700126, 36.396663
  105.700691, 36.396668
  105.701053, 36.396696
  105.701405, 36.396740
  105.701520, 36.396729
  105.701674, 36.396668
  105.701932, 36.396542
>
  105.682769, 36.401636
  105.686914, 36.399331
  105.688385, 36.398474
  105.688923, 36.398167
  105.689482, 36.397898
  105.690053, 36.397662
  105.690619, 36.397442
  105.692172, 36.396904
  105.692595, 36.396740
>
  105.701849, 36.387568
  105.702025, 36.387584
  105.702508, 36.387617
  105.703216, 36.387650
  105.704072, 36.387661
  105.705005, 36.387634
  105.705933, 36.387546
  105.706789, 36.387376
  105.707481, 36.387107
>
  105.704204, 36.394819
  105.704852, 36.394182
  105.706367, 36.392634
  105.707245, 36.391690
  105.708107, 36.390713
  105.708864, 36.389774
  105.709435, 36.388951
  105.709984, 36.388106
  105.713865, 36.382693
  105.714512, 36.381738
  105.715001, 36.380942
  105.716867, 36.377759
  105.719513, 36.373505
  105.720523, 36.372023
  105.728169, 36.361879
  105.729218, 36.360402
  105.729772, 36.359486
  105.731765, 36.355226
  105.732077, 36.354491
  105.733098, 36.351840
  105.736502, 36.343710
  105.738812, 36.338529
  105.739389, 36.337376
  105.739768, 36.336778
>
  105.925258, 36.138514
  105.918880, 36.143909
  105.917722, 36.144826
  105.916910, 36.145413
  105.916284, 36.145891
  105.915581, 36.146544
  105.913051, 36.149113
  105.912074, 36.150041
  105.911047, 36.150924
  105.909961, 36.151731
  105.908885, 36.152489
  105.907875, 36.153235
  105.906936, 36.153971
  105.906063, 36.154684
  105.905273, 36.155370
  105.904548, 36.156024
  105.903912, 36.156633
  105.903352, 36.157198
  105.902677, 36.157956
  105.894514, 36.168231
  105.892110, 36.171009
  105.884107, 36.179841
  105.881873, 36.182508
  105.876044, 36.189820
  105.873711, 36.192877
  105.865077, 36.206759
  105.856684, 36.219076
  105.853643, 36.223319
  105.848769, 36.230834
  105.847446, 36.232777
  105.846178, 36.234528
  105.845009, 36.235955
  105.836665, 36.244726
  105.835793, 36.245709
  105.835079, 36.246582
  105.834492, 36.247383
  105.834003, 36.248119
  105.833586, 36.248805
  105.832873, 36.250034
  105.832527, 36.250600
  105.832159, 36.251143
  105.831478, 36.251988
  105.828767, 36.255079
  105.825095, 36.259086
  105.821466, 36.262879
  105.818530, 36.265755
  105.806635, 36.278089
  105.800877, 36.284571
  105.799752, 36.285746
  105.797737, 36.287689
  105.796552, 36.289007
  105.790157, 36.296774
  105.775084, 36.313899
  105.774228, 36.314772
  105.773767, 36.315217
  105.773163, 36.315897
  105.766927, 36.323648
  105.765517, 36.325316
  105.758628, 36.332974
  105.757612, 36.334192
  105.756827, 36.335252
  105.747458, 36.349205
  105.746590, 36.350412
  105.745943, 36.351170
  105.745322, 36.351757
  105.744741, 36.352213
  105.744186, 36.352581
  105.743687, 36.352899
  105.743248, 36.353217
  105.742874, 36.353569
  105.742572, 36.353997
>
  105.325510, 36.649120
  105.324665, 36.649729
  105.324324, 36.649889
  105.324006, 36.650048
  105.323748, 36.650191
  105.323572, 36.650311
  105.323430, 36.650410
  105.323260, 36.650509
  105.323040, 36.650613
  105.322776, 36.650723
  105.322453, 36.650844
  105.322068, 36.650975
  105.321613, 36.651118
  105.321086, 36.651277
  105.320548, 36.651409
  105.320054, 36.651491
  105.319582, 36.651535
  105.319121, 36.651552
  105.318144, 36.651563
  105.317595, 36.651585
  105.316986, 36.651634
  105.315932, 36.651733
  105.315525, 36.651760
  105.315136, 36.651771
  105.314719, 36.651760
  105.314236, 36.651738
  105.312100, 36.651579
  105.311436, 36.651513
  105.306183, 36.651211
  105.305047, 36.651146
  105.303620, 36.651168
  105.302637, 36.651129
  105.301468, 36.651118
  105.300771, 36.651047
  105.299810, 36.651014
  105.298542, 36.651019
  105.296929, 36.651096
  105.295666, 36.651201
  105.294266, 36.651239
  105.292916, 36.651316
  105.291522, 36.651530
  105.290040, 36.651711
  105.288948, 36.651920
  105.287509, 36.652101
  105.285808, 36.652529
  105.285242, 36.652705
  105.284721, 36.652809
  105.284029, 36.653215
  105.283541, 36.653413
  105.282191, 36.653945
  105.280099, 36.654829
  105.277920, 36.655778
  105.271125, 36.658786
  105.270757, 36.658973
  105.270433, 36.659149
  105.254504, 36.667234
  105.253686, 36.667607
  105.244141, 36.671636
  105.234392, 36.676038
  105.233091, 36.676686
  105.230989, 36.677817
  105.229342, 36.678805
  105.228678, 36.679178
  105.227937, 36.679546
  105.227108, 36.679903
  105.226180, 36.680227
  105.225149, 36.680512
  105.223985, 36.680764
  105.222722, 36.680990
  105.217096, 36.681851
  105.215899, 36.682093
  105.214879, 36.682247
  105.209142, 36.682993
  105.207831, 36.683180
  105.206091, 36.683487
  105.205602, 36.683564
  105.204894, 36.683652
  105.204521, 36.683718
  105.204027, 36.683816
  105.203335, 36.683981
  105.202369, 36.684234
  105.200678, 36.684854
  105.198598, 36.685842
  105.196265, 36.687082
  105.189162, 36.691034
  105.187225, 36.692028
  105.185721, 36.692637
  105.166465, 36.698933
  105.165653, 36.699219
  105.152540, 36.703451
>
  105.575980, 36.519546
  105.590861, 36.512460
  105.596679, 36.509534
  105.597459, 36.509166
  105.599122, 36.508425
  105.602108, 36.507185
>
  105.588770, 36.511565
  105.591256, 36.510187
  105.604644, 36.503414
  105.609513, 36.500686
  105.612246, 36.499094
  105.615271, 36.497233
  105.617049, 36.496190
  105.619135, 36.495103
  105.621407, 36.494011
  105.630146, 36.490092
  105.631688, 36.489367
  105.632973, 36.488720
  105.634202, 36.488072
  105.635388, 36.487419
  105.637660, 36.486096
  105.640992, 36.484048
  105.641947, 36.483423
  105.642661, 36.482912
  105.643254, 36.482473
  105.643841, 36.482056
  105.644544, 36.481622
  105.645477, 36.481117
  105.646772, 36.480508
  105.652865, 36.477824
  105.657218, 36.475749
  105.660654, 36.474196
  105.661318, 36.473916
  105.661906, 36.473696
  105.662454, 36.473520
  105.663014, 36.473367
  105.663635, 36.473230
  105.665913, 36.472818
  105.666560, 36.472714
  105.667192, 36.472637
  105.667867, 36.472576
  105.668641, 36.472532
  105.669563, 36.472505
  105.670699, 36.472489
  105.671775, 36.472494
  105.673164, 36.472521
  105.673663, 36.472521
  105.674152, 36.472499
  105.674728, 36.472439
  105.675485, 36.472335
  105.678307, 36.471868
  105.678850, 36.471764
  105.679229, 36.471682
  105.679509, 36.471605
  105.679756, 36.471522
  105.680387, 36.471297
  105.681095, 36.471061
  105.682852, 36.470540
  105.683368, 36.470375
  105.683884, 36.470189
  105.684405, 36.469975
  105.684960, 36.469706
  105.690119, 36.466884
  105.690399, 36.466703
  105.690608, 36.466538
  105.690833, 36.466341
  105.691157, 36.466072
  105.691667, 36.465682
  105.692436, 36.465133
  105.695482, 36.463102
  105.696069, 36.462680
  105.696530, 36.462301
  105.696953, 36.461900
  105.698973, 36.459798
  105.699928, 36.458843
  105.700719, 36.458096
  105.701388, 36.457503
  105.703095, 36.456043
  105.703699, 36.455478
  105.705203, 36.453952
  105.706175, 36.453013
  105.707305, 36.451992
  105.708568, 36.450944
  105.709957, 36.449907
  105.711455, 36.448930
  105.713052, 36.448051
  105.714727, 36.447310
  105.718525, 36.445526
  105.721763, 36.444083
  105.723278, 36.443457
  105.724563, 36.442979
  105.725485, 36.442656
  105.726446, 36.442304
  105.727406, 36.441931
  105.728350, 36.441547
  105.729256, 36.441152
  105.730090, 36.440762
  105.730842, 36.440378
  105.731474, 36.440010
>
  105.588770, 36.511565
  105.584966, 36.513623
  105.583198, 36.514535
  105.582463, 36.514891
  105.575234, 36.518069
  105.574059, 36.518563
  105.556209, 36.525397
>
  104.756346, 36.886268
  104.761923, 36.883381
  104.782112, 36.874462
  104.786542, 36.872705
  104.787486, 36.872414
  104.788776, 36.871964
  104.793101, 36.870070
  104.795626, 36.869165
  104.796279, 36.868901
  104.796976, 36.868671
  104.798557, 36.868303
  104.799326, 36.867984
  104.800533, 36.867556
  104.804002, 36.866585
  104.805062, 36.866074
  104.805803, 36.865608
  104.806725, 36.865245
  104.807510, 36.865009
  104.807845, 36.864927
>
  104.622903, 36.893388
  104.624791, 36.893415
  104.628117, 36.893552
  104.629780, 36.893739
  104.636082, 36.894722
  104.638431, 36.895161
  104.640863, 36.895452
  104.644732, 36.896083
  104.653257, 36.897032
  104.653899, 36.897087
  104.655771, 36.897483
  104.656567, 36.897625
  104.657368, 36.897746
  104.658115, 36.897823
  104.658746, 36.897834
  104.659948, 36.897757
  104.661298, 36.897620
  104.662698, 36.897433
  104.664054, 36.897186
  104.664685, 36.897049
  104.665267, 36.896901
  104.665821, 36.896736
  104.666343, 36.896560
  104.666853, 36.896368
  104.667353, 36.896154
  104.669894, 36.894875
  104.670871, 36.894425
  104.671788, 36.894052
  104.674181, 36.893168
  104.674648, 36.893020
  104.675175, 36.892877
  104.675784, 36.892735
  104.676382, 36.892625
  104.676898, 36.892548
  104.677343, 36.892509
  104.677743, 36.892488
  104.685659, 36.892466
  104.686537, 36.892427
  104.687003, 36.892383
  104.687481, 36.892323
  104.687953, 36.892230
  104.688414, 36.892109
>
  104.615031, 36.893404
  104.619170, 36.892219
  104.619911, 36.891961
  104.620411, 36.891747
  104.624533, 36.889628
  104.627173, 36.888102
  104.627618, 36.887871
  104.628079, 36.887657
  104.628512, 36.887487
  104.628864, 36.887377
  104.629467, 36.887235
  104.629764, 36.887152
  104.630104, 36.887031
  104.630505, 36.886834
  104.630993, 36.886548
  104.633244, 36.885110
  104.633716, 36.884847
  104.636675, 36.883376
  104.637201, 36.883145
  104.638903, 36.882514
  104.641565, 36.881636
  104.642504, 36.881356
  104.643157, 36.881186
  104.644321, 36.880917
  104.644754, 36.880779
  104.646022, 36.880296
  104.646977, 36.879901
  104.647367, 36.879720
  104.650101, 36.878167
  104.653378, 36.876591
  104.653806, 36.876361
  104.654113, 36.876163
>
  104.653619, 36.898405
  104.653169, 36.898460
  104.643679, 36.900139
  104.642449, 36.900282
  104.641653, 36.900304
  104.640885, 36.900255
  104.640116, 36.900134
  104.636438, 36.899310
  104.633156, 36.898718
  104.631389, 36.898344
  104.629594, 36.897872
  104.625005, 36.896407
  104.624577, 36.896237
  104.623803, 36.895962
  104.623309, 36.895764
  104.621437, 36.894903
  104.620707, 36.894617
  104.619922, 36.894387
  104.619093, 36.894233
  104.618226, 36.894189
  104.617249, 36.894244
  104.616146, 36.894348
  104.613862, 36.894639
  104.611277, 36.895040
  104.601386, 36.895885
  104.598103, 36.895995
  104.596380, 36.895979
  104.594656, 36.895891
  104.591335, 36.895528
  104.589727, 36.895408
  104.582481, 36.895177
  104.580132, 36.895023
  104.579045, 36.895040
  104.575933, 36.895287
  104.574884, 36.895331
  104.573798, 36.895314
  104.571514, 36.895089
  104.570400, 36.895067
  104.569319, 36.895128
  104.568270, 36.895259
  104.567260, 36.895446
  104.566278, 36.895677
  104.565334, 36.895935
  104.556535, 36.898827
  104.555673, 36.899173
  104.554838, 36.899563
  104.551347, 36.901391
  104.549256, 36.902340
  104.547423, 36.903103
  104.545765, 36.903735
  104.535934, 36.906990
  104.533920, 36.907785
  104.533047, 36.908065
  104.532246, 36.908263
  104.531505, 36.908406
  104.529397, 36.908713
  104.527915, 36.908993
  104.525549, 36.909317
  104.524654, 36.909476
  104.523666, 36.909701
  104.522568, 36.910014
  104.521333, 36.910437
  104.519989, 36.910997
  104.518589, 36.911666
  104.513023, 36.914559
  104.511793, 36.915124
  104.509400, 36.916025
  104.496485, 36.921804
  104.492626, 36.923204
  104.474402, 36.930905
  104.470148, 36.932953
  104.466202, 36.935050
  104.462842, 36.937048
  104.460147, 36.938815
  104.458676, 36.939627
  104.457106, 36.940407
  104.449350, 36.943783
  104.448005, 36.944441
  104.445261, 36.945962
  104.438844, 36.949925
  104.437340, 36.950748
  104.436665, 36.951072
  104.432164, 36.953043
  104.430001, 36.954124
  104.416625, 36.961995
  104.355570, 36.991806
  104.353342, 36.992728
  104.342040, 36.996883
  104.333949, 37.000583
  104.333070, 37.001055
  104.327570, 37.004321
  104.326412, 37.005073
  104.325534, 37.005715
  104.324842, 37.006281
  104.323690, 37.007296
  104.323053, 37.007812
  104.322263, 37.008378
  104.321373, 37.008948
  104.320490, 37.009464
  104.319567, 37.009953
  104.318579, 37.010430
  104.310604, 37.014372
  104.307799, 37.015667
  104.307223, 37.015980
  104.301920, 37.018214
  104.298308, 37.019603
  104.296437, 37.020250
  104.294236, 37.021090
  104.287737, 37.023198
  104.259803, 37.030142
  104.228241, 37.034933
  104.213388, 37.037996
  104.208140, 37.039451
  104.201987, 37.040949
  104.189785, 37.042668
  104.182940, 37.044556
  104.173021, 37.047657
  104.164409, 37.049973
  104.146882, 37.052312
  104.090867, 37.064250
  104.085927, 37.065612
  104.079054, 37.067121
  104.071589, 37.068290
  104.049661, 37.072863
  104.036783, 37.074866
  104.025201, 37.075843
>
  104.642367, 36.900617
  104.646577, 36.901583
  104.647746, 36.901918
>
  104.517546, 36.912369
  104.520263, 36.910777
  104.522294, 36.909729
  104.523337, 36.909251
  104.525291, 36.908483
  104.526186, 36.908071
  104.527042, 36.907626
  104.528694, 36.906649
  104.532075, 36.904492
  104.533590, 36.903614
  104.541709, 36.899667
  104.542389, 36.899382
  104.543262, 36.899063
  104.545974, 36.898196
  104.548427, 36.897515
  104.560964, 36.894870
  104.561826, 36.894733
  104.562666, 36.894634
  104.566354, 36.894431
  104.567359, 36.894442
  104.568737, 36.894497
  104.572985, 36.894919
  104.573606, 36.894963
  104.578419, 36.895002
>
  104.657138, 36.909075
  104.661167, 36.906539
  104.663066, 36.905228
  104.663719, 36.904827
  104.666238, 36.903510
  104.674198, 36.898992
  104.676031, 36.897834
  104.676744, 36.897433
  104.677639, 36.896972
  104.681509, 36.895177
  104.688299, 36.892312
  104.696615, 36.889101
  104.698256, 36.888519
  104.699738, 36.888074
  104.700507, 36.887877
  104.709454, 36.885209
  104.717319, 36.883348
  104.719844, 36.882849
>
  104.735356, 36.867858
  104.764915, 36.857424
  104.765848, 36.857045
  104.771019, 36.854514
  104.771793, 36.854070
  104.772764, 36.853411
  104.773264, 36.853098
  104.773977, 36.852725
  104.775048, 36.852242
  104.792179, 36.845655
  104.793842, 36.844942
>
  105.198669, 36.689201
  105.202825, 36.688707
  105.206244, 36.688361
  105.207776, 36.688246
  105.210180, 36.688175
  105.219500, 36.687620
  105.222909, 36.687505
  105.223579, 36.687505
  105.224281, 36.687532
  105.225022, 36.687598
  105.225818, 36.687714
  105.226565, 36.687862
  105.227196, 36.688021
  105.227761, 36.688186
  105.228892, 36.688553
  105.229562, 36.688756
  105.230363, 36.688976
  105.231351, 36.689212
  105.232515, 36.689432
  105.233777, 36.689613
  105.235078, 36.689756
  105.236363, 36.689860
  105.237576, 36.689937
  105.238657, 36.689975
  105.239557, 36.689992
  105.240216, 36.689981
>
  105.022219, 36.783969
  105.027801, 36.780605
  105.028740, 36.780078
  105.029585, 36.779638
  105.032154, 36.778398
  105.032648, 36.778129
  105.033631, 36.777564
  105.034169, 36.777273
  105.034745, 36.776965
  105.035360, 36.776652
  105.036024, 36.776334
  105.036743, 36.776005
  105.040267, 36.774523
  105.040915, 36.774237
  105.041601, 36.773919
  105.042347, 36.773551
  105.043785, 36.772794
  105.044318, 36.772536
  105.044790, 36.772311
  105.046760, 36.771465
>
  105.045020, 36.783245
  105.045855, 36.782751
  105.046705, 36.782229
  105.047276, 36.781851
  105.047814, 36.781472
  105.050553, 36.779348
  105.051239, 36.778854
  105.051893, 36.778403
  105.052436, 36.778052
  105.053764, 36.777262
  105.054231, 36.776965
  105.054774, 36.776592
  105.056492, 36.775308
  105.056800, 36.775061
  105.057030, 36.774858
  105.057222, 36.774671
  105.058035, 36.773743
>
  105.173941, 36.696447
  105.178349, 36.697429
  105.178859, 36.697490
  105.184552, 36.697676
  105.194723, 36.696688
  105.198680, 36.696523
  105.202622, 36.696134
  105.203648, 36.696117
  105.213978, 36.696919
  105.216981, 36.696968
  105.217744, 36.697039
  105.218660, 36.697083
  105.222876, 36.696732
  105.224012, 36.696738
  105.225154, 36.696880
  105.226296, 36.697193
  105.227542, 36.697435
  105.228980, 36.697374
  105.230583, 36.697083
  105.238141, 36.694976
  105.240183, 36.694564
  105.244141, 36.694081
  105.245957, 36.693762
  105.249388, 36.692714
  105.252308, 36.691578
  105.255497, 36.689959
  105.268940, 36.681495
  105.289694, 36.666641
  105.308675, 36.657019
  105.320191, 36.652353
  105.321810, 36.651486
  105.323968, 36.649817
  105.325422, 36.648923
  105.328930, 36.647122
  105.334062, 36.644883
  105.372518, 36.624568
  105.373654, 36.623887
  105.385412, 36.615983
  105.389287, 36.613683
  105.415843, 36.593363
  105.418225, 36.591809
  105.419581, 36.591024
  105.437761, 36.582972
  105.447004, 36.579448
  105.450144, 36.578416
  105.454524, 36.577252
  105.456934, 36.576451
  105.459629, 36.575315
  105.464048, 36.573124
  105.478242, 36.564551
  105.487996, 36.557612
  105.506050, 36.546514
  105.507230, 36.545937
  105.508240, 36.545531
  105.513268, 36.543824
  105.524477, 36.538994
  105.531277, 36.536650
  105.540538, 36.534015
  105.542162, 36.533406
  105.558717, 36.526149
  105.574526, 36.520183
  105.575980, 36.519546
>
  104.719844, 36.882849
  104.722754, 36.882349
  104.727836, 36.881938
  104.732952, 36.881372
  104.735005, 36.881021
  104.744150, 36.879780
  104.745176, 36.879605
  104.765316, 36.875164
  104.793458, 36.868028
  104.796087, 36.867578
  104.812236, 36.863934
  104.827029, 36.860135
  104.867703, 36.847219
  104.876298, 36.844157
  104.882726, 36.842131
  104.883555, 36.841835
  104.895219, 36.836928
  104.919272, 36.828173
  104.925546, 36.826136
  104.927006, 36.825741
  104.927796, 36.825554
  104.928082, 36.825477
  104.933565, 36.823348
  104.939993, 36.821317
  104.941431, 36.820823
  104.942727, 36.820274
  104.944236, 36.819670
  104.946629, 36.818786
  104.951904, 36.816761
  104.953084, 36.816228
  104.954556, 36.815570
  104.956427, 36.814735
  104.957503, 36.814252
  104.958623, 36.813747
  104.958991, 36.813583
  104.959496, 36.813358
  104.960363, 36.812968
  104.961636, 36.812392
  104.962570, 36.811969
  104.963870, 36.811382
  104.964968, 36.810882
  104.967597, 36.809669
  104.969881, 36.808604
  104.970649, 36.808242
  104.971604, 36.807781
  104.972285, 36.807451
  104.973065, 36.807122
  104.973910, 36.806650
  104.975392, 36.805893
  104.977033, 36.805014
  104.978592, 36.803889
  104.981534, 36.802182
  104.983521, 36.800974
  104.985640, 36.799816
  104.987007, 36.799267
  104.988648, 36.798334
  104.990157, 36.797730
  104.992276, 36.796737
  104.995356, 36.795139
  104.996448, 36.794761
  104.998435, 36.793603
  105.000488, 36.792774
  105.002332, 36.792170
  105.012114, 36.787532
  105.014435, 36.786703
  105.022219, 36.783969
  105.026275, 36.782877
  105.034728, 36.780594
  105.038818, 36.779606
  105.040689, 36.779194
  105.042397, 36.778854
  105.045240, 36.778217
  105.048078, 36.777388
  105.050784, 36.776466
  105.053232, 36.775544
  105.056882, 36.774078
  105.057832, 36.773721
  105.058035, 36.773743
  105.058024, 36.773754
  105.058018, 36.773765
  105.058018, 36.773771
  105.058024, 36.773771
  105.058035, 36.773765
  105.058051, 36.773754
  105.058073, 36.773743
  105.058095, 36.773732
>
  105.058095, 36.773732
  105.059012, 36.773074
  105.071895, 36.763193
  105.072581, 36.762804
  105.075139, 36.761464
  105.075721, 36.761140
  105.076280, 36.760800
  105.076807, 36.760443
  105.078152, 36.759483
  105.079360, 36.758665
  105.080501, 36.757946
  105.081643, 36.757276
  105.082236, 36.756969
  105.082856, 36.756700
  105.084141, 36.756173
  105.084805, 36.755882
  105.085480, 36.755542
  105.086161, 36.755130
  105.087752, 36.753983
  105.089020, 36.753187
  105.096249, 36.748999
  105.096974, 36.748521
  105.100311, 36.746122
  105.101717, 36.745063
  105.102408, 36.744514
  105.102990, 36.744026
  105.103479, 36.743586
  105.103885, 36.743197
  105.104543, 36.742549
  105.104823, 36.742286
  105.105092, 36.742050
  105.105350, 36.741835
  105.105575, 36.741638
  105.105762, 36.741462
  105.105916, 36.741314
  105.106036, 36.741188
  105.106119, 36.741094
  105.106168, 36.741040
  105.106190, 36.741018
  105.107145, 36.740293
  105.107930, 36.739733
  105.108600, 36.739294
  105.109780, 36.738559
  105.110395, 36.738163
  105.111097, 36.737675
  105.111932, 36.737044
  105.112843, 36.736281
  105.113732, 36.735435
  105.116455, 36.732685
  105.117437, 36.731780
  105.118475, 36.730918
  105.119594, 36.730127
  105.123810, 36.727487
  105.125572, 36.726433
  105.127070, 36.725566
  105.128015, 36.724979
  105.131346, 36.722701
  105.135518, 36.719693
  105.137505, 36.718183
  105.139196, 36.716822
  105.140557, 36.715614
  105.142659, 36.713863
  105.143318, 36.713342
  105.143927, 36.712892
  105.144926, 36.712228
  105.145508, 36.711816
  105.146749, 36.710883
  105.148198, 36.709741
>
  105.108353, 36.723820
  105.108764, 36.723595
  105.109873, 36.723025
  105.110499, 36.722717
  105.111125, 36.722426
  105.111718, 36.722163
  105.112234, 36.721960
  105.112645, 36.721833
  105.113029, 36.721718
  105.113491, 36.721559
  105.114001, 36.721356
  105.114550, 36.721125
  105.115659, 36.720620
  105.117432, 36.719753
  105.118140, 36.719396
  105.119018, 36.718908
  105.120308, 36.718150
  105.121000, 36.717761
  105.121543, 36.717503
  105.122004, 36.717310
  105.122427, 36.717146
  105.122877, 36.716948
  105.123409, 36.716668
  105.124084, 36.716251
  105.125830, 36.715027
  105.126511, 36.714577
  105.127054, 36.714242
  105.127905, 36.713743
  105.128327, 36.713485
  105.128816, 36.713150
  105.129425, 36.712705
  105.130408, 36.711931
  105.130660, 36.711717
  105.130792, 36.711591
  105.130841, 36.711531
  105.130836, 36.711514
  105.130808, 36.711520
  105.130792, 36.711525
>
