292.203870 -139.468550
292.203870 -139.468550
292.203870 -139.468550
292.203880 -139.469100
292.204340 -139.470320
292.204890 -139.470980
292.205360 -139.472190
292.205900 -139.472740
292.205930 -139.474630
292.207400 -139.477050
292.207960 -139.478820
292.208980 -139.480690
292.273560 -139.623580
292.273560 -139.623580
292.431770 -139.974900
292.431770 -139.974900
292.601640 -140.350370
292.601640 -140.350370
292.707950 -140.578060
292.707950 -140.578060
292.722630 -140.605840
292.724100 -140.608260
292.725670 -140.611350
292.794330 -140.723780
292.794330 -140.723780
292.927480 -140.924970
292.927480 -140.924970
293.079740 -141.147100
293.079740 -141.147100
293.222370 -141.354930
293.222370 -141.354930
293.235490 -141.373630
293.238070 -141.377820
293.359480 -141.554180
293.359480 -141.554180
293.508710 -141.769800
293.508710 -141.769800
293.663470 -141.994450
293.663470 -141.994450
293.817820 -142.222100
293.817820 -142.222100
293.987430 -142.486160
293.987430 -142.486160
294.169430 -142.789570
294.169430 -142.789570
294.327040 -143.081740
294.327040 -143.081740
294.395780 -143.234990
294.422990 -143.311980
294.422990 -143.311980
294.422990 -143.311980
294.422990 -143.311980
294.423540 -143.313190
294.423550 -143.313850
294.424020 -143.315070
294.424570 -143.316280
294.425040 -143.317500
294.425600 -143.318710
294.436880 -143.348410
294.437920 -143.351950
294.439400 -143.355590
294.493720 -143.501700
294.493720 -143.501700
294.655110 -143.938810
294.655110 -143.938810
294.831450 -144.422540
294.831450 -144.422540
294.947530 -144.754260
294.947530 -144.754260
294.972650 -144.822730
295.057630 -145.009830
295.057630 -145.009830
295.232690 -145.343150
295.232690 -145.343150
295.418580 -145.675220
295.418580 -145.675220
295.562930 -145.924260
295.562930 -145.924260
295.618160 -146.025970
295.667570 -146.130080
295.667570 -146.130080
295.721180 -146.260880
295.758170 -146.368250
295.758170 -146.368250
295.796080 -146.506570
295.816730 -146.613470
295.816730 -146.613470
295.825620 -146.690130
295.828980 -146.763750
295.827200 -146.816800
295.824990 -146.842350
295.824990 -146.842350
295.824100 -146.850900
295.823550 -146.886850
295.826010 -146.924540
295.832010 -146.964740
295.840930 -147.006560
295.867290 -147.093980
295.867290 -147.093980
295.901650 -147.186080
295.993800 -147.387060
295.993800 -147.387060
296.139990 -147.665360
296.139990 -147.665360
296.212650 -147.808790
296.235160 -147.862090
296.238710 -147.871250
296.238710 -147.871250
296.241800 -147.880310
296.242830 -147.883290
296.253610 -147.914890
296.254630 -147.917320
296.257260 -147.925820
296.258740 -147.928250
296.271580 -147.966360
296.272610 -147.968790
296.275220 -147.976080
296.275710 -147.978510
296.278330 -147.985800
296.279350 -147.988230
296.280850 -147.993090
296.281430 -147.995530
296.283950 -148.002820
296.283950 -148.002820
296.284980 -148.005240
296.285450 -148.007010
296.286470 -148.009440
296.287050 -148.011870
296.288070 -148.014300
296.288550 -148.016740
296.289580 -148.019160
296.290150 -148.021600
296.291170 -148.024030
296.291640 -148.025800
296.292670 -148.028220
296.293240 -148.030660
296.294260 -148.032530
296.295310 -148.037400
296.296330 -148.039830
296.297360 -148.042250
296.297840 -148.044690
296.299430 -148.048880
296.300450 -148.051310
296.300930 -148.053750
296.301950 -148.056170
296.303000 -148.060380
296.304020 -148.062800
296.304600 -148.065240
296.305620 -148.067670
296.306580 -148.071980
296.307600 -148.074410
296.309190 -148.079160
296.309670 -148.081590
296.311260 -148.085900
296.312290 -148.088330
296.313340 -148.093200
296.314360 -148.095620
296.315870 -148.100490
296.316440 -148.102920
296.317460 -148.105240
296.317940 -148.107670
296.319540 -148.112530
296.322070 -148.119820
296.322070 -148.119820
296.323120 -148.124690
296.324150 -148.127120
296.324720 -148.129550
296.325740 -148.131980
296.326220 -148.134420
296.327250 -148.137400
296.327830 -148.139830
296.328850 -148.142260
296.329330 -148.144690
296.330360 -148.147790
296.330840 -148.150220
296.331870 -148.152650
296.332440 -148.155080
296.333470 -148.158070
296.333950 -148.160500
296.334980 -148.163480
296.335550 -148.165920
296.337610 -148.171440
296.338100 -148.174430
296.339700 -148.179950
296.340730 -148.182380
296.343270 -148.190780
296.343850 -148.193880
296.346390 -148.202390
296.347420 -148.205370
296.359880 -148.248480
296.360910 -148.251470
296.363480 -148.261860
296.363480 -148.261860
296.420110 -148.466280
296.420110 -148.466280
296.511370 -148.789740
296.511370 -148.789740
296.620610 -149.207950
296.620610 -149.207950
296.705400 -149.641100
296.705400 -149.641100
296.720370 -149.769930
296.726840 -149.889880
296.724210 -149.997640
296.722830 -150.009860
296.722830 -150.009860
296.711610 -150.101960
296.685910 -150.227750
296.678840 -150.255240
296.678840 -150.255240
296.677900 -150.258920
296.673110 -150.273510
296.672160 -150.277180
296.666970 -150.294890
296.666020 -150.298560
296.659310 -150.318170
296.658360 -150.321840
296.653040 -150.337100
296.652100 -150.340780
296.635340 -150.387250
296.634380 -150.390370
296.626800 -150.412320
296.626800 -150.412320
296.623410 -150.422790
296.622440 -150.425240
296.619150 -150.436150
296.618640 -150.438600
296.617680 -150.441050
296.616710 -150.443500
296.615760 -150.446620
296.615340 -150.449070
296.614370 -150.451520
296.612910 -150.456970
296.612490 -150.459420
296.609120 -150.472220
296.608710 -150.475330
296.606360 -150.482680
296.605850 -150.485130
296.605440 -150.488130
296.604510 -150.493020
296.604000 -150.496020
296.601220 -150.511920
296.600800 -150.514370
296.600290 -150.516820
296.600330 -150.519810
296.599910 -150.522920
296.599400 -150.525370
296.598980 -150.527820
296.598200 -150.544800
296.598200 -150.544800
296.597690 -150.547250
296.597730 -150.550350
296.597760 -150.553350
296.597790 -150.555790
296.597380 -150.558900
296.597490 -150.567990
296.597530 -150.571100
296.597600 -150.576530
296.597650 -150.580190
296.597680 -150.583190
296.599360 -150.602030
296.599400 -150.605130
296.599980 -150.608120
296.600480 -150.611780
296.600520 -150.614880
296.601640 -150.625180
296.602670 -150.628170
296.602720 -150.631830
296.603760 -150.635480
296.604340 -150.638570
296.608040 -150.660380
296.610620 -150.672000
296.611210 -150.675650
296.612700 -150.679300
296.614340 -150.687150
296.615380 -150.691350
296.616430 -150.695670
296.622100 -150.716230
296.622100 -150.716230
296.733160 -151.032120
296.733160 -151.032120
296.923200 -151.480370
296.923200 -151.480370
297.156580 -151.947600
297.156580 -151.947600
297.313000 -152.203790
297.398740 -152.320200
297.398740 -152.320200
297.470830 -152.414360
297.537010 -152.512150
297.604930 -152.626340
297.604930 -152.626340
297.707810 -152.840600
297.755460 -152.965470
297.755460 -152.965470
297.822850 -153.194810
297.851260 -153.327250
297.851260 -153.327250
297.884090 -153.566120
297.892670 -153.701800
297.892670 -153.701800
297.888870 -154.067170
297.888870 -154.067170
297.862900 -154.407960
297.862900 -154.407960
297.836190 -154.726130
297.836190 -154.726130
297.829670 -154.918580
297.832530 -155.023380
297.832530 -155.023380
297.834190 -155.276630
297.834190 -155.276630
297.814650 -155.497300
297.814650 -155.497300
297.784010 -155.741310
297.784010 -155.741310
297.751820 -156.062540
297.751820 -156.062540
297.715430 -156.402240
297.715430 -156.402240
297.656260 -156.705620
297.656260 -156.705620
297.558730 -157.035670
297.558730 -157.035670
297.408710 -157.454670
297.408710 -157.454670
297.408710 -157.454670
297.408710 -157.454670
297.408190 -157.455900
297.407740 -157.456460
297.407220 -157.457680
297.406780 -157.458910
297.405810 -157.460810
297.403870 -157.464490
297.402900 -157.466950
297.279080 -157.719990
297.279080 -157.719990
296.983810 -158.314310
296.983810 -158.314310
296.664140 -158.935100
296.664140 -158.935100
296.511680 -159.207460
296.471740 -159.266970
296.466840 -159.273140
296.460520 -159.280540
296.460520 -159.280540
296.458550 -159.282340
296.456590 -159.284800
296.454630 -159.286710
296.452660 -159.288510
296.450700 -159.290980
296.448190 -159.292890
296.446240 -159.295250
296.444360 -159.297160
296.442400 -159.299620
296.439890 -159.301430
296.437930 -159.303340
296.435520 -159.305810
296.433550 -159.307610
296.431040 -159.309520
296.429090 -159.311990
296.386430 -159.349570
296.383920 -159.351490
296.379000 -159.355770
296.376140 -159.357690
296.373640 -159.360160
296.342660 -159.384840
296.342660 -159.384840
296.205980 -159.487040
296.205980 -159.487040
296.095960 -159.574930
296.094000 -159.577290
296.087110 -159.583480
296.084700 -159.585390
296.080230 -159.589660
296.080230 -159.589660
296.078260 -159.591570
296.075850 -159.594040
296.071920 -159.597750
296.069420 -159.600220
296.067450 -159.602020
296.065490 -159.603820
296.063080 -159.606290
296.061110 -159.608200
296.059150 -159.610000
296.055220 -159.614380
296.053260 -159.616180
296.051300 -159.618640
296.047370 -159.623020
296.045410 -159.624820
296.040060 -159.630980
296.038090 -159.632780
296.034710 -159.637150
296.033200 -159.639610
296.026340 -159.647570
296.015680 -159.662350
296.014160 -159.664140
296.012750 -159.666600
296.004400 -159.678910
296.003440 -159.681360
296.002010 -159.683260
295.996720 -159.693640
295.996720 -159.693640
295.994240 -159.697890
295.988000 -159.712610
295.979340 -159.735900
295.965970 -159.780440
295.964620 -159.788450
295.963130 -159.792130
295.961240 -159.800030
295.960300 -159.804250
295.957070 -159.821380
295.955590 -159.825720
295.947300 -159.872080
295.947300 -159.872080
295.936410 -159.956200
295.929640 -160.052460
295.928690 -160.173060
295.928690 -160.173060
295.934120 -160.289920
295.948050 -160.415210
295.973680 -160.564660
295.973680 -160.564660
296.007230 -160.704360
296.052150 -160.848680
296.117780 -161.015380
296.117780 -161.015380
296.117780 -161.015380
296.117780 -161.015940
296.117780 -161.015940
296.117780 -161.015940
296.117780 -161.015940
296.118240 -161.015930
296.118240 -161.016600
296.118790 -161.017140
296.118790 -161.017140
296.118810 -161.018360
296.119260 -161.018360
296.119810 -161.018910
296.120270 -161.019570
296.120290 -161.020790
296.121300 -161.021990
296.121840 -161.022540
296.122310 -161.023760
296.123330 -161.025630
296.123880 -161.026180
296.124350 -161.027390
296.124900 -161.028610
296.126370 -161.030470
296.126940 -161.032240
296.127850 -161.032900
296.129420 -161.035870
296.129890 -161.037090
296.130910 -161.038960
296.131470 -161.040170
296.134980 -161.046230
296.135990 -161.047990
296.137010 -161.049750
296.138020 -161.050960
296.139040 -161.052840
296.140050 -161.054600
296.150220 -161.072220
296.150220 -161.072220
296.177570 -161.119920
296.179140 -161.122340
296.188300 -161.138640
296.189770 -161.141070
296.208070 -161.172570
296.209550 -161.175540
296.216660 -161.187660
296.218240 -161.190630
296.227290 -161.205830
296.227290 -161.205830
296.292700 -161.318280
296.294720 -161.321260
296.317540 -161.359910
296.317540 -161.359910
296.363710 -161.437320
296.365180 -161.439080
296.390010 -161.479600
296.390010 -161.479600
296.391020 -161.481470
296.392030 -161.482680
296.394070 -161.486310
296.395080 -161.487520
296.406240 -161.505580
296.407250 -161.506780
296.444770 -161.571440
296.444770 -161.571440
296.473770 -161.627770
296.474340 -161.630200
296.475810 -161.631960
296.476290 -161.634390
296.477860 -161.636260
296.478340 -161.638690
296.479350 -161.640450
296.480380 -161.642880
296.481400 -161.644750
296.482420 -161.647180
296.483450 -161.649610
296.484470 -161.652040
296.485490 -161.653800
296.487530 -161.657990
296.488550 -161.660420
296.495740 -161.678630
296.495740 -161.678630
296.504440 -161.701710
296.505460 -161.704140
296.508080 -161.710760
296.508560 -161.713200
296.510610 -161.718050
296.511180 -161.720490
296.512200 -161.722250
296.512680 -161.724680
296.513710 -161.727110
296.514760 -161.731980
296.515790 -161.734410
296.517870 -161.741700
296.518890 -161.744130
296.524580 -161.765360
296.525150 -161.767790
296.526210 -161.772660
296.526690 -161.775100
296.528290 -161.779960
296.528800 -161.784830
296.529830 -161.787260
296.530400 -161.789690
296.530880 -161.792020
296.531940 -161.796880
296.531940 -161.796880
296.531980 -161.799990
296.533000 -161.802420
296.534660 -161.812160
296.534690 -161.814600
296.536800 -161.824230
296.536830 -161.826670
296.537310 -161.829100
296.537340 -161.831540
296.537920 -161.834640
296.538400 -161.837070
296.538430 -161.839510
296.539520 -161.846710
296.539560 -161.849820
296.540670 -161.859570
296.540700 -161.862010
296.541340 -161.869320
296.541370 -161.872310
296.541400 -161.874750
296.541440 -161.877190
296.541920 -161.879630
296.541950 -161.882620
296.541990 -161.885060
296.541810 -161.907590
296.541840 -161.910030
296.541910 -161.915570
296.541460 -161.922900
296.541460 -161.922900
296.540570 -161.931340
296.540600 -161.933780
296.540180 -161.936230
296.539330 -161.947890
296.538820 -161.950890
296.538850 -161.953330
296.538440 -161.956440
296.537940 -161.959440
296.537520 -161.962440
296.537560 -161.965550
296.533390 -161.993550
296.532440 -161.997230
296.531530 -162.004010
296.531110 -162.007010
296.530610 -162.010670
296.529250 -162.017350
296.528750 -162.020460
296.526890 -162.031460
296.526490 -162.035130
296.516730 -162.086950
296.516730 -162.086950
296.470650 -162.293970
296.470650 -162.293970
296.424620 -162.505210
296.424620 -162.505210
296.424120 -162.508870
296.423170 -162.512550
296.403870 -162.633370
296.403920 -162.637030
296.403000 -162.643150
296.402530 -162.649250
296.402130 -162.652920
296.401250 -162.662030
296.400740 -162.665030
296.400360 -162.671130
296.400400 -162.674240
296.399930 -162.679680
296.399930 -162.679680
296.399960 -162.682680
296.400000 -162.685780
296.396970 -162.718660
296.396550 -162.721100
296.396080 -162.726650
296.395660 -162.729100
296.395690 -162.731540
296.395180 -162.734540
296.394790 -162.739430
296.393860 -162.744320
296.393350 -162.747320
296.392960 -162.752210
296.392450 -162.754660
296.390160 -162.766890
296.390190 -162.769330
296.388740 -162.776670
296.388320 -162.779110
296.385940 -162.791340
296.384970 -162.793130
296.384030 -162.798020
296.383610 -162.800470
296.383100 -162.802920
296.382160 -162.807140
296.382160 -162.807140
296.381730 -162.809590
296.380770 -162.812040
296.380260 -162.814490
296.379320 -162.818830
296.378890 -162.821160
296.377410 -162.825510
296.376990 -162.827950
296.374120 -162.837090
296.373690 -162.839530
296.368400 -162.857240
296.367430 -162.859690
296.364130 -162.870710
296.363620 -162.873160
296.362230 -162.877390
296.361260 -162.879840
296.359780 -162.884190
296.358810 -162.886640
296.358390 -162.889090
296.357420 -162.890870
296.356910 -162.893320
296.355940 -162.895770
296.354970 -162.897670
296.354550 -162.900120
296.353580 -162.902570
296.351650 -162.906810
296.351230 -162.909260
296.349290 -162.913500
296.348780 -162.915940
296.346840 -162.920290
296.346840 -162.920290
296.346420 -162.922740
296.342040 -162.934330
296.341080 -162.936780
296.325250 -162.980800
296.323840 -162.983260
296.317540 -163.000970
296.316580 -163.003430
296.314660 -163.009000
296.313690 -163.011450
296.312740 -163.014460
296.311320 -163.016910
296.308020 -163.027940
296.306510 -163.030400
296.305560 -163.033400
296.304590 -163.035860
296.303640 -163.038970
296.302670 -163.041430
296.300760 -163.047440
296.300760 -163.047440
296.248740 -163.214380
296.248740 -163.214380
296.238770 -163.249220
296.237280 -163.252900
296.236330 -163.256570
296.234940 -163.260810
296.233440 -163.264490
296.229600 -163.275520
296.228650 -163.279190
296.184280 -163.384460
296.182870 -163.387470
296.179430 -163.394280
296.179430 -163.394280
296.096050 -163.556060
296.096050 -163.556060
296.062210 -163.627700
296.060810 -163.631380
296.059310 -163.634390
296.057900 -163.637510
296.056400 -163.641190
296.053500 -163.647890
296.052090 -163.651010
296.041480 -163.677880
296.040080 -163.681550
296.037640 -163.688910
296.036680 -163.691910
296.035280 -163.695590
296.026130 -163.723770
296.026130 -163.723770
296.013330 -163.770740
296.004890 -163.812890
296.004490 -163.817220
296.003140 -163.824560
296.002650 -163.828780
296.002250 -163.833000
295.996550 -163.898860
295.996370 -163.920830
295.996370 -163.920830
295.997810 -163.956750
296.001720 -163.995640
296.015070 -164.072800
296.042240 -164.178400
296.042240 -164.178400
296.147310 -164.482170
296.147310 -164.482170
296.263210 -164.784030
296.263210 -164.784030
296.321940 -164.953810
296.343310 -165.035750
296.343310 -165.035750
296.388410 -165.273260
296.388410 -165.273260
296.433950 -165.538820
296.433950 -165.538820
296.483330 -165.800570
296.483330 -165.800570
296.538320 -166.025200
296.538320 -166.025200
296.647130 -166.350880
296.647130 -166.350880
296.811300 -166.812880
296.811300 -166.812880
296.974400 -167.268120
296.974400 -167.268120
297.081980 -167.572410
297.081980 -167.572410
297.081980 -167.572410
297.081980 -167.572410
297.081990 -167.573070
297.084000 -167.574820
297.085020 -167.576690
297.086020 -167.577240
297.087030 -167.578440
297.088040 -167.579650
297.196970 -167.708640
297.196970 -167.708640
297.450860 -168.032390
297.450860 -168.032390
297.622280 -168.280520
297.705000 -168.418930
297.705000 -168.418930
297.763570 -168.535780
297.786160 -168.590300
297.803720 -168.641220
297.815180 -168.689220
297.818450 -168.711700
297.820250 -168.732980
297.820380 -168.742740
297.820380 -168.742740
297.804090 -169.031480
297.804090 -169.031480
297.773560 -169.368660
297.773560 -169.368660
297.755520 -169.712900
297.755520 -169.712900
297.763460 -169.913150
297.778800 -170.025000
297.778800 -170.025000
297.831840 -170.291680
297.831840 -170.291680
297.891740 -170.549630
297.891740 -170.549630
297.964780 -170.830710
297.964780 -170.830710
298.057460 -171.168120
298.057460 -171.168120
298.164080 -171.505350
298.164080 -171.505350
298.275020 -171.789500
298.275020 -171.789500
298.388640 -172.055420
298.388640 -172.055420
298.503010 -172.338300
298.503010 -172.338300
298.562480 -172.480660
298.610860 -172.576900
298.610860 -172.576900
298.726160 -172.773900
298.726160 -172.773900
298.883340 -173.060010
298.883340 -173.060010
299.116360 -173.564810
299.116360 -173.564810
299.383630 -174.175220
299.383630 -174.175220
299.614660 -174.675920
299.614660 -174.675920
299.798330 -175.046220
299.798330 -175.046220
299.881760 -175.197350
299.924920 -175.265030
299.924920 -175.265030
299.927420 -175.269320
299.928430 -175.270530
299.929440 -175.271630
299.930460 -175.273500
299.931480 -175.275260
299.932490 -175.276470
299.933510 -175.278340
299.941110 -175.291670
299.943700 -175.295850
299.946200 -175.300030
299.955370 -175.316450
299.956850 -175.318870
299.981350 -175.364820
299.982840 -175.368460
299.984870 -175.371430
299.986460 -175.375070
299.991570 -175.384760
299.991570 -175.384760
300.096670 -175.600850
300.096670 -175.600850
300.228120 -175.887160
300.228120 -175.887160
300.373550 -176.217100
300.373550 -176.217100
300.373550 -176.217100
>
289.782450 -135.857080
289.958940 -135.968260
289.958940 -135.968260
290.101400 -136.045130
290.101400 -136.045130
290.116820 -136.052930
290.119810 -136.054120
290.127340 -136.058240
290.129790 -136.059430
290.134780 -136.061820
290.139770 -136.064200
290.144760 -136.067250
290.149750 -136.069630
290.152200 -136.070820
290.154640 -136.072010
290.159630 -136.074280
290.162170 -136.075470
290.167160 -136.078520
290.169600 -136.079040
290.172150 -136.080900
290.174150 -136.082100
290.179050 -136.084480
290.181580 -136.085670
290.184030 -136.086860
290.186570 -136.088050
290.191020 -136.090990
290.193560 -136.091630
290.195560 -136.093380
290.198010 -136.094570
290.202450 -136.096960
290.204990 -136.098150
290.209980 -136.100530
290.212430 -136.101720
290.223870 -136.108250
290.223870 -136.108250
290.271710 -136.135750
290.274250 -136.137490
290.283240 -136.142930
290.285250 -136.144680
290.287690 -136.145870
290.289700 -136.147740
290.292150 -136.148930
290.294690 -136.150670
290.296690 -136.151870
290.303150 -136.156670
290.305690 -136.157870
290.323590 -136.169860
290.326150 -136.172270
290.330600 -136.175210
290.333140 -136.177070
290.337060 -136.180010
290.337060 -136.180010
290.387530 -136.216580
290.389530 -136.217780
290.428460 -136.246490
290.430460 -136.248360
290.434460 -136.251300
290.436460 -136.252500
290.442470 -136.257310
290.442470 -136.257310
290.444470 -136.258510
290.459940 -136.270530
290.461940 -136.272280
290.463940 -136.273470
290.469950 -136.278280
290.471860 -136.279480
290.540340 -136.336580
290.540340 -136.336580
290.566850 -136.360010
290.568860 -136.361760
290.570860 -136.363620
290.631960 -136.421910
290.633980 -136.424330
290.636430 -136.426190
290.648020 -136.438140
290.648020 -136.438140
290.781390 -136.583330
290.781390 -136.583330
290.850130 -136.661720
290.853140 -136.664680
290.879730 -136.694210
290.882210 -136.697840
290.917830 -136.736350
290.917830 -136.736350
291.030700 -136.863590
291.030700 -136.863590
291.035180 -136.868300
291.037190 -136.870720
291.053740 -136.890050
291.056290 -136.892460
291.133160 -136.986500
291.133160 -136.986500
291.235300 -137.128400
291.235300 -137.128400
291.253390 -137.155580
291.255410 -137.158660
291.257430 -137.161630
291.259000 -137.164720
291.261020 -137.167690
291.266530 -137.176170
291.268540 -137.178590
291.293270 -137.218450
291.294840 -137.221540
291.318490 -137.261410
291.318490 -137.261410
291.319510 -137.263180
291.324580 -137.272320
291.326130 -137.274080
291.327140 -137.275950
291.328170 -137.278380
291.329630 -137.280140
291.333230 -137.286750
291.334240 -137.288630
291.343270 -137.304940
291.343830 -137.306820
291.347330 -137.312770
291.348350 -137.314640
291.349360 -137.316400
291.350370 -137.318280
291.352410 -137.322470
291.353420 -137.324340
291.354440 -137.326110
291.355450 -137.327980
291.356460 -137.329740
291.358490 -137.333380
291.359500 -137.335250
291.361090 -137.339450
291.362100 -137.341210
291.365610 -137.348490
291.367070 -137.349700
291.371150 -137.358850
291.371150 -137.358850
291.372160 -137.360620
291.373180 -137.362490
291.381300 -137.378150
291.382310 -137.380020
291.386930 -137.389060
291.387390 -137.390280
291.394510 -137.404840
291.395520 -137.406040
291.405130 -137.426010
291.406140 -137.427220
291.409180 -137.432620
291.410200 -137.434490
291.412690 -137.439900
291.413710 -137.441770
291.416750 -137.447170
291.416750 -137.447170
291.419800 -137.453240
291.420810 -137.455000
291.421830 -137.456870
291.427910 -137.468340
291.428930 -137.470210
291.439060 -137.487730
291.440520 -137.489490
291.442560 -137.493790
291.444120 -137.496210
291.446150 -137.500400
291.447620 -137.502160
291.448640 -137.504590
291.451210 -137.508880
291.452230 -137.510650
291.465840 -137.533000
291.467310 -137.535430
291.468330 -137.537860
291.469890 -137.539720
291.471360 -137.542150
291.477430 -137.551840
291.477430 -137.551840
291.480460 -137.556570
291.481930 -137.558990
291.554580 -137.668950
291.554580 -137.668950
291.600900 -137.734180
291.602910 -137.736600
291.607410 -137.743310
291.608960 -137.745070
291.614000 -137.751660
291.617030 -137.755950
291.618500 -137.758380
291.620510 -137.760790
291.623540 -137.764970
291.625010 -137.766840
291.628580 -137.771680
291.630040 -137.773440
291.631610 -137.775860
291.635080 -137.780030
291.635080 -137.780030
291.643150 -137.790920
291.644610 -137.792790
291.669260 -137.824780
291.670820 -137.827200
291.685380 -137.845880
291.687380 -137.847630
291.700480 -137.864560
291.702490 -137.866310
291.703960 -137.868730
291.705520 -137.870600
291.708540 -137.874780
291.710460 -137.877200
291.712020 -137.879070
291.714020 -137.880820
291.717050 -137.885110
291.717050 -137.885110
291.722090 -137.891700
291.723560 -137.893460
291.725560 -137.895320
291.727120 -137.897080
291.728590 -137.899500
291.730600 -137.901920
291.733620 -137.905540
291.735090 -137.907410
291.736650 -137.909830
291.738650 -137.911580
291.740120 -137.914010
291.799960 -137.985730
291.799960 -137.985730
291.801880 -137.987600
291.804900 -137.991220
291.808460 -137.995390
291.809930 -137.997150
291.811480 -137.999020
291.812950 -138.000780
291.814500 -138.002640
291.815970 -138.004400
291.818990 -138.008020
291.820550 -138.010450
291.823570 -138.014070
291.826050 -138.017700
291.828050 -138.018900
291.829060 -138.020770
291.830520 -138.022530
291.834560 -138.027920
291.836110 -138.029780
291.840140 -138.034620
291.841150 -138.036380
291.845190 -138.041880
291.846190 -138.043090
291.848670 -138.046720
291.850130 -138.048480
291.851140 -138.049680
291.852150 -138.051450
291.853710 -138.053310
291.854720 -138.054520
291.856180 -138.056280
291.857190 -138.058150
291.861240 -138.064210
291.862790 -138.065960
291.867280 -138.072010
291.867280 -138.072010
291.867840 -138.073890
291.870310 -138.076860
291.870780 -138.078070
291.873350 -138.081700
291.874360 -138.082910
291.876380 -138.085880
291.876850 -138.087760
291.878400 -138.088960
291.879870 -138.091940
291.880890 -138.093810
291.881900 -138.095020
291.882910 -138.096780
291.883460 -138.098000
291.884930 -138.099870
291.886500 -138.102840
291.887510 -138.104050
291.891010 -138.110110
291.892020 -138.111870
291.892570 -138.113090
291.895070 -138.117940
291.896070 -138.119150
291.896550 -138.121030
291.899570 -138.125210
291.900130 -138.126420
291.901620 -138.130060
291.902620 -138.131270
291.903640 -138.133140
291.904190 -138.134250
291.905210 -138.136120
291.905670 -138.137340
291.906680 -138.139100
291.907240 -138.140310
291.908250 -138.142190
291.908720 -138.143400
291.909730 -138.145160
291.911300 -138.148250
291.911300 -138.148250
291.912330 -138.151230
291.913350 -138.153110
291.913810 -138.154320
291.914820 -138.156090
291.916300 -138.159170
291.917320 -138.160940
291.919360 -138.165790
291.919920 -138.167010
291.921400 -138.170650
291.922410 -138.171860
291.924450 -138.176720
291.925010 -138.178480
291.927060 -138.183340
291.928070 -138.185210
291.930120 -138.190630
291.931130 -138.191830
291.933650 -138.199130
291.934660 -138.200890
291.935690 -138.203980
291.936700 -138.205740
291.938750 -138.211270
291.939770 -138.213030
291.940800 -138.216680
291.941820 -138.218440
291.943300 -138.222080
291.943870 -138.224520
291.945360 -138.228160
291.947950 -138.233680
291.947950 -138.233680
291.948990 -138.237880
291.950010 -138.239750
291.950480 -138.241520
291.951500 -138.243950
291.966860 -138.283930
291.967880 -138.286350
291.977580 -138.312420
291.978600 -138.314850
291.980640 -138.319700
291.981660 -138.322130
291.991900 -138.348860
291.991900 -138.348860
292.002150 -138.376140
292.003170 -138.378560
292.005670 -138.383970
292.006250 -138.386960
292.007270 -138.389390
292.008290 -138.391810
292.009230 -138.394910
292.010250 -138.397340
292.012300 -138.402750
292.013320 -138.405180
292.014350 -138.408270
292.015370 -138.410590
292.016390 -138.413020
292.017410 -138.415450
292.018440 -138.418540
292.019460 -138.420970
292.020490 -138.423950
292.022080 -138.428810
292.023550 -138.431240
292.024130 -138.434340
292.025600 -138.436760
292.026180 -138.439750
292.027200 -138.442170
292.035870 -138.465260
292.037340 -138.467570
292.042000 -138.480380
292.042000 -138.480380
292.044040 -138.485240
292.045060 -138.487670
292.049640 -138.500370
292.050660 -138.502800
292.053270 -138.510090
292.054290 -138.512520
292.056250 -138.517930
292.057270 -138.520360
292.058860 -138.525220
292.060340 -138.527640
292.060910 -138.530080
292.062950 -138.534930
292.064990 -138.539790
292.067030 -138.543980
292.068050 -138.546410
292.069550 -138.551270
292.070570 -138.553700
292.072610 -138.558560
292.073630 -138.560990
292.075670 -138.565180
292.076240 -138.567610
292.077710 -138.570030
292.078280 -138.572470
292.079750 -138.574890
292.081250 -138.579750
292.082270 -138.581520
292.084310 -138.586370
292.085320 -138.588250
292.086350 -138.590670
292.087370 -138.593100
292.089970 -138.599730
292.089970 -138.599730
292.090990 -138.601600
292.092010 -138.603920
292.093030 -138.606350
292.094050 -138.608780
292.095060 -138.610650
292.096080 -138.613080
292.097100 -138.614840
292.098120 -138.617270
292.099140 -138.619700
292.104140 -138.630070
292.105160 -138.632380
292.106170 -138.634260
292.107190 -138.636680
292.122440 -138.667560
292.126960 -138.675390
292.127970 -138.677260
292.136640 -138.692910
292.137650 -138.694780
292.142160 -138.702050
292.142160 -138.702050
292.143170 -138.703810
292.152280 -138.718350
292.153740 -138.720100
292.154750 -138.721980
292.155760 -138.723190
292.156770 -138.724950
292.158330 -138.726820
292.160360 -138.730450
292.161820 -138.732210
292.162840 -138.734080
292.171360 -138.745520
292.172370 -138.746730
292.173920 -138.748480
292.174930 -138.749690
292.176390 -138.751560
292.178960 -138.755190
292.179970 -138.756400
292.181430 -138.758160
292.182440 -138.759360
292.184000 -138.761230
292.188020 -138.765400
292.189020 -138.766610
292.190490 -138.768480
292.191490 -138.769570
292.193050 -138.771440
292.193960 -138.772650
292.195520 -138.774410
292.196980 -138.775610
292.203560 -138.782850
292.203560 -138.782850
292.203560 -138.782850
>
286.433420 -132.366540
286.433420 -132.366540
286.433880 -132.367090
286.434880 -132.367740
286.435430 -132.368290
286.436880 -132.368940
286.438420 -132.370140
286.439430 -132.371350
286.440870 -132.371890
286.443420 -132.373750
286.444870 -132.374950
286.447870 -132.376690
286.449410 -132.377900
286.451410 -132.379090
286.470850 -132.392960
286.473310 -132.395260
286.543190 -132.445050
286.543190 -132.445050
286.797980 -132.627850
286.797980 -132.627850
287.084930 -132.838890
287.084930 -132.838890
287.291120 -133.002150
287.291120 -133.002150
287.445490 -133.133160
287.445490 -133.133160
287.626290 -133.282060
287.626290 -133.282060
287.787140 -133.419660
287.789700 -133.422730
287.796160 -133.428090
287.796160 -133.428090
287.881190 -133.508760
287.911310 -133.541250
287.912770 -133.543120
287.916250 -133.547290
287.916250 -133.547290
288.039050 -133.682880
288.039050 -133.682880
288.217870 -133.868400
288.217870 -133.868400
288.417040 -134.067550
288.417040 -134.067550
288.602160 -134.243230
288.602160 -134.243230
288.781150 -134.402550
288.781150 -134.402550
288.971690 -134.570840
288.971690 -134.570840
289.157200 -134.739740
289.157200 -134.739740
289.318450 -134.898600
289.318450 -134.898600
289.397030 -134.981100
289.400040 -134.984170
289.456170 -135.042530
289.456170 -135.042530
289.535290 -135.124470
289.537850 -135.126880
289.580920 -135.171420
289.580920 -135.171420
289.589960 -135.181070
289.592420 -135.183480
289.610940 -135.202120
289.612950 -135.204540
289.690160 -135.284620
289.690160 -135.284620
289.692170 -135.287030
289.694090 -135.288790
289.696090 -135.290650
289.698110 -135.293070
289.700120 -135.295480
289.702120 -135.297240
289.706140 -135.301400
289.708150 -135.303820
289.714170 -135.309850
289.717640 -135.313470
289.721660 -135.317750
289.723660 -135.319500
289.725670 -135.321920
289.729240 -135.326200
289.733250 -135.329710
289.735250 -135.331570
289.737260 -135.333990
289.742200 -135.340030
289.746210 -135.343640
289.751240 -135.349690
289.753240 -135.351440
289.756800 -135.355060
289.758810 -135.356810
289.763750 -135.362850
289.767310 -135.366470
289.769310 -135.368330
289.770770 -135.370090
289.772330 -135.371960
289.775800 -135.375580
289.777350 -135.377330
289.782820 -135.382710
289.782820 -135.382710
289.782820 -135.382710
>
284.164860 -131.521930
284.164860 -131.521930
284.164860 -131.521930
284.165310 -131.522590
284.165310 -131.522590
284.165850 -131.522590
284.165860 -131.523140
284.166850 -131.523130
284.168760 -131.525000
284.169770 -131.526210
284.170770 -131.526750
284.171320 -131.527410
284.171770 -131.527960
284.172770 -131.528610
284.173320 -131.529160
284.175310 -131.530360
284.176320 -131.531570
284.178310 -131.532770
284.179320 -131.533980
284.183320 -131.537590
284.184770 -131.538130
284.188330 -131.541750
284.189330 -131.542960
284.190780 -131.543610
284.192230 -131.544810
284.210790 -131.560360
284.210790 -131.560360
284.215700 -131.564630
284.217710 -131.566380
284.285120 -131.623540
284.287670 -131.625950
284.319610 -131.653550
284.319610 -131.653550
284.324610 -131.657820
284.327070 -131.660240
284.337620 -131.668550
284.340080 -131.671630
284.379030 -131.705250
284.381580 -131.707660
284.448030 -131.767270
284.448030 -131.767270
284.490460 -131.806290
284.493000 -131.808140
284.495010 -131.810560
284.497460 -131.812310
284.501480 -131.816590
284.504030 -131.819000
284.506030 -131.820760
284.508030 -131.822620
284.509950 -131.825040
284.511950 -131.826790
284.517970 -131.832830
284.519970 -131.834580
284.523980 -131.838860
284.525980 -131.840060
284.544480 -131.858710
284.546030 -131.860470
284.547490 -131.861670
284.552510 -131.867160
284.552510 -131.867160
284.555510 -131.870120
284.556980 -131.871990
284.558970 -131.873190
284.560520 -131.874950
284.561990 -131.876820
284.571560 -131.886470
284.573010 -131.887680
284.575010 -131.889430
284.576560 -131.891190
284.578020 -131.892390
284.581030 -131.895460
284.583030 -131.897220
284.588040 -131.902040
284.589500 -131.903910
284.592510 -131.906870
284.596510 -131.909930
284.598060 -131.911690
284.599520 -131.913560
284.600980 -131.914770
284.604530 -131.917720
284.605990 -131.919480
284.609990 -131.922540
284.611540 -131.924300
284.615000 -131.927370
284.616540 -131.928570
284.622000 -131.933390
284.623470 -131.935150
284.625010 -131.936350
284.627020 -131.938210
284.635480 -131.946000
284.635480 -131.946000
284.665520 -131.972390
284.667520 -131.974260
284.683450 -131.988060
284.685000 -131.989930
284.687000 -131.991680
284.694460 -131.997700
284.695920 -131.999460
284.701470 -132.004270
284.703470 -132.005470
284.704930 -132.007340
284.724960 -132.025310
284.724960 -132.025310
284.726950 -132.026510
284.728960 -132.028370
284.730420 -132.030130
284.732420 -132.031990
284.733970 -132.033750
284.741430 -132.039770
284.742890 -132.041640
284.744890 -132.043390
284.746900 -132.045260
284.748440 -132.046460
284.750450 -132.048210
284.753910 -132.051830
284.755910 -132.053590
284.757460 -132.054790
284.760920 -132.058410
284.762930 -132.060270
284.764390 -132.062030
284.768390 -132.065090
284.775410 -132.072340
284.777410 -132.074090
284.814420 -132.111390
284.814420 -132.111390
284.817980 -132.115680
284.821440 -132.118630
284.826460 -132.124680
284.828470 -132.126540
284.829930 -132.128300
284.831930 -132.130170
284.833480 -132.131920
284.834950 -132.133790
284.836950 -132.136100
284.838510 -132.137970
284.840510 -132.139720
284.843970 -132.143340
284.845530 -132.145770
284.852020 -132.153680
284.854020 -132.155430
284.855490 -132.157300
284.857040 -132.159730
284.859050 -132.161480
284.860510 -132.163240
284.862070 -132.165660
284.863530 -132.167530
284.865540 -132.169950
284.872120 -132.177750
284.873580 -132.179620
284.878610 -132.186220
284.880070 -132.188090
284.897650 -132.212190
284.897650 -132.212190
284.900670 -132.216480
284.902230 -132.218790
284.907260 -132.225500
284.908720 -132.227260
284.911750 -132.232110
284.913750 -132.233970
284.915310 -132.236390
284.916780 -132.238820
284.918340 -132.241240
284.920250 -132.242990
284.921810 -132.245420
284.927290 -132.252010
284.928850 -132.254430
284.953460 -132.287110
284.955460 -132.288860
284.966430 -132.302710
284.968440 -132.305130
284.975490 -132.314810
284.977500 -132.317230
284.979510 -132.319650
284.985530 -132.326350
284.985530 -132.326350
284.991020 -132.333500
284.993030 -132.335920
285.002620 -132.347460
285.004630 -132.349880
285.008650 -132.354710
285.010120 -132.357020
285.023640 -132.372740
285.025650 -132.375150
285.049220 -132.403510
285.050770 -132.405930
285.064740 -132.421640
285.066300 -132.424060
285.070320 -132.428900
285.072330 -132.431320
285.081830 -132.442750
285.081830 -132.442750
285.122930 -132.491650
285.124940 -132.493400
285.154990 -132.529560
285.156550 -132.531430
285.158560 -132.533850
285.160020 -132.535610
285.161570 -132.537480
285.163040 -132.539900
285.165040 -132.541650
285.166600 -132.544080
285.168070 -132.545950
285.171540 -132.550120
285.171540 -132.550120
285.174550 -132.553750
285.181130 -132.561550
285.182590 -132.563420
285.185610 -132.567050
285.187170 -132.569470
285.191640 -132.574860
285.193200 -132.576610
285.194660 -132.578480
285.196120 -132.580240
285.200150 -132.585740
285.201700 -132.587500
285.205730 -132.593000
285.207190 -132.594760
285.212770 -132.602020
285.213780 -132.603780
285.215240 -132.605650
285.216250 -132.606860
285.220270 -132.612250
285.221290 -132.614130
285.222740 -132.615330
285.223750 -132.617090
285.224760 -132.618970
285.226310 -132.620170
285.227320 -132.621940
285.228330 -132.623810
285.233830 -132.631620
285.234830 -132.632830
285.237860 -132.637680
285.237860 -132.637680
285.238870 -132.638890
285.239880 -132.640650
285.243360 -132.645490
285.244360 -132.646700
285.245920 -132.648570
285.246920 -132.649780
285.247930 -132.651540
285.250940 -132.654620
285.251950 -132.656380
285.265470 -132.672090
285.267470 -132.673840
285.268930 -132.675710
285.270940 -132.677470
285.272490 -132.679330
285.275950 -132.682960
285.277510 -132.684710
285.284980 -132.692510
285.286990 -132.694370
285.322970 -132.728690
285.322970 -132.728690
285.325530 -132.731100
285.327530 -132.732850
285.366940 -132.767680
285.369500 -132.770100
285.411910 -132.806780
285.414910 -132.809190
285.425380 -132.818830
285.428380 -132.821240
285.433940 -132.826060
285.436940 -132.828460
285.442400 -132.833280
285.445390 -132.835020
285.453860 -132.842920
285.453860 -132.842920
285.543780 -132.919780
285.546780 -132.922180
285.592300 -132.962490
285.592300 -132.962490
285.636750 -133.004040
285.639300 -133.006450
285.657260 -133.024440
285.659260 -133.026300
285.665830 -133.032880
285.667840 -133.035300
285.671850 -133.039580
285.675770 -133.043750
285.677770 -133.045510
285.701330 -133.072640
285.701330 -133.072640
285.702890 -133.074510
285.704350 -133.076270
285.707910 -133.080550
285.709380 -133.082310
285.712400 -133.086600
285.714400 -133.088360
285.717420 -133.091980
285.719430 -133.094400
285.720890 -133.096270
285.723900 -133.099790
285.727470 -133.104070
285.730480 -133.107700
285.731940 -133.109460
285.735510 -133.113740
285.736970 -133.115500
285.740530 -133.119120
285.741990 -133.120990
285.746470 -133.126930
285.748480 -133.128790
285.751490 -133.132420
285.753040 -133.134180
285.755050 -133.136040
285.756520 -133.138470
285.764550 -133.147470
285.766010 -133.149340
285.768020 -133.151090
285.769580 -133.153520
285.771580 -133.155270
285.783080 -133.168010
285.783080 -133.168010
285.784630 -133.169760
285.786100 -133.172190
285.788110 -133.174050
285.791120 -133.177680
285.793120 -133.179430
285.794590 -133.181190
285.798140 -133.184810
285.799600 -133.186680
285.803160 -133.190300
285.804620 -133.192060
285.810090 -133.197540
285.811650 -133.199970
285.813650 -133.201720
285.815120 -133.203590
285.820680 -133.208960
285.822140 -133.210720
285.825700 -133.214340
285.827700 -133.216200
285.833170 -133.221580
285.834630 -133.223450
285.838190 -133.227070
285.840200 -133.229480
285.842190 -133.230680
285.856690 -133.245720
285.858700 -133.247470
285.860700 -133.249330
285.862700 -133.251080
285.866170 -133.254700
285.868170 -133.256570
285.872190 -133.260740
285.872190 -133.260740
285.876190 -133.263690
285.877750 -133.266110
285.883670 -133.271590
285.885670 -133.273340
285.887670 -133.275210
285.889680 -133.276960
285.893680 -133.280570
285.895690 -133.282440
285.920720 -133.304670
285.922740 -133.307090
285.925190 -133.308840
285.927190 -133.310700
285.929650 -133.312450
285.931650 -133.314310
285.933650 -133.316060
285.935660 -133.317820
285.938200 -133.319670
285.940210 -133.322090
285.942660 -133.323840
285.944670 -133.325700
285.947120 -133.327450
285.963130 -133.340690
285.965680 -133.342550
285.967690 -133.344850
285.970140 -133.346710
285.979600 -133.354480
285.979600 -133.354480
286.117300 -133.455200
286.117300 -133.455200
286.161180 -133.485760
286.163720 -133.487620
286.213060 -133.521780
286.215600 -133.523530
286.242500 -133.543300
286.242500 -133.543300
286.244500 -133.544500
286.248500 -133.547560
286.249960 -133.548760
286.251950 -133.549960
286.253950 -133.551160
286.262950 -133.558380
286.264500 -133.559580
286.266410 -133.560780
286.267950 -133.561980
286.274410 -133.566680
286.275950 -133.567880
286.283950 -133.573890
286.285410 -133.575100
286.288410 -133.577500
286.289870 -133.578710
286.291410 -133.579910
286.293870 -133.581770
286.295860 -133.582970
286.300870 -133.587120
286.302410 -133.588330
286.304870 -133.590070
286.306410 -133.591280
286.312330 -133.596090
286.313870 -133.596740
286.314870 -133.597950
286.318320 -133.600350
286.318320 -133.600350
286.319330 -133.601560
286.323880 -133.605170
286.324880 -133.606380
286.329890 -133.610530
286.330890 -133.611190
286.332890 -133.612940
286.333800 -133.613600
286.335800 -133.615350
286.336800 -133.616000
286.337350 -133.617220
286.339350 -133.618300
286.340350 -133.619510
286.341810 -133.620720
286.342810 -133.621370
286.343810 -133.622580
286.345360 -133.623780
286.346360 -133.624320
286.347820 -133.626190
286.349370 -133.627400
286.350370 -133.627940
286.350820 -133.628600
286.351820 -133.629140
286.352830 -133.630350
286.353370 -133.631010
286.354370 -133.631550
286.355380 -133.632760
286.356380 -133.633970
286.358300 -133.635840
286.359290 -133.636380
286.360840 -133.637580
286.361850 -133.638790
286.361850 -133.638790
286.365310 -133.642410
286.365850 -133.642410
286.366850 -133.643060
286.366860 -133.643620
286.367860 -133.644820
286.368310 -133.644820
286.369860 -133.646020
286.370320 -133.647240
286.370870 -133.647230
286.374880 -133.651400
286.375880 -133.652050
286.376330 -133.652600
286.376880 -133.653260
286.377340 -133.653810
286.377890 -133.654470
286.378890 -133.655020
286.378890 -133.655680
286.381810 -133.658640
286.382810 -133.659300
286.382820 -133.659850
286.389370 -133.665880
286.389830 -133.666540
286.390380 -133.667090
286.391390 -133.668300
286.391390 -133.668300
286.391390 -133.668300
>
269.364570 -119.937830
269.553700 -120.190510
269.591570 -120.226750
269.653220 -120.274860
269.930770 -120.474330
270.035750 -120.554980
270.138890 -120.639850
270.233060 -120.727800
270.319870 -120.817710
270.660330 -121.182840
270.753110 -121.274460
270.852260 -121.364910
270.959870 -121.454510
271.072960 -121.552690
271.184210 -121.664320
271.291560 -121.781980
271.561900 -122.101500
271.625420 -122.172100
271.670730 -122.213030
271.742950 -122.271450
272.713530 -123.145390
273.584650 -123.984390
273.944130 -124.352200
274.180880 -124.653670
274.180880 -124.653670
274.632880 -125.217330
274.632880 -125.217330
275.065120 -125.736010
275.065120 -125.736010
275.448740 -126.171740
275.448740 -126.171740
275.923260 -126.702710
275.923260 -126.702710
276.405870 -127.244550
276.405870 -127.244550
276.813560 -127.712920
276.813560 -127.712920
276.929990 -127.832310
277.194690 -128.038340
277.194690 -128.038340
277.682840 -128.337120
277.682840 -128.337120
278.143290 -128.593000
278.143290 -128.593000
278.371770 -128.733710
278.441080 -128.789000
278.441080 -128.789000
278.669110 -128.988730
278.669110 -128.988730
278.975480 -129.244860
278.975480 -129.244860
279.307310 -129.528780
279.307310 -129.528780
279.610940 -129.811100
279.610940 -129.811100
279.881210 -130.064030
279.881210 -130.064030
280.137230 -130.280510
280.137230 -130.280510
280.365700 -130.463760
280.365700 -130.463760
280.552780 -130.618280
280.552780 -130.618280
280.802160 -130.817170
280.802160 -130.817170
281.157740 -131.087340
281.157740 -131.087340
281.513430 -131.365380
281.513430 -131.365380
281.763100 -131.586750
281.763100 -131.586750
281.939010 -131.752900
281.939010 -131.752900
282.131160 -131.904900
282.131160 -131.904900
282.321060 -132.038610
282.321060 -132.038610
282.489460 -132.151800
282.489460 -132.151800
282.671540 -132.286810
282.671540 -132.286810
282.887710 -132.464710
282.887710 -132.464710
283.096460 -132.647560
283.096460 -132.647560
283.255920 -132.797340
>
273.679850 -124.014500
273.679850 -124.014500
>
244.618530 -81.905820
244.669450 -82.083960
244.709830 -82.239550
244.727090 -82.314310
244.739810 -82.380000
244.748560 -82.441400
244.754360 -82.504150
244.758280 -82.567460
244.764570 -82.769540
244.766190 -82.796260
244.769270 -82.815760
244.774330 -82.834590
244.780370 -82.852850
244.786390 -82.868670
244.792840 -82.881940
244.798370 -82.892330
244.801820 -82.898960
244.802820 -82.901400
244.873910 -83.092160
244.904990 -83.169270
244.936410 -83.243930
244.966410 -83.307620
244.992800 -83.354370
245.023110 -83.397430
245.300930 -83.760830
245.329800 -83.802010
245.474440 -84.026990
245.514240 -84.094820
245.548640 -84.159150
245.574570 -84.215660
245.587680 -84.259940
245.593540 -84.317140
245.604660 -84.513740
245.619170 -84.971010
245.603510 -85.418610
245.604780 -85.459430
245.608490 -85.503880
245.625320 -85.658400
245.630120 -85.718050
245.633520 -85.781920
245.634970 -85.850140
245.632980 -85.991360
245.627180 -86.138830
245.597050 -86.634670
245.593010 -86.763710
245.591860 -87.027400
245.595980 -87.263650
245.603490 -87.430440
245.611830 -87.496170
245.628570 -87.571480
245.650280 -87.652310
245.675950 -87.735560
245.729200 -87.892380
245.771870 -88.009560
245.790400 -88.056910
245.984440 -88.517710
246.142320 -88.855180
246.170290 -88.919550
246.215940 -89.038590
246.243490 -89.106620
246.274480 -89.179400
246.307990 -89.253490
246.342920 -89.326350
246.378370 -89.394880
246.413220 -89.455540
246.446020 -89.505230
246.814610 -89.989760
247.117490 -90.369460
247.183650 -90.456070
247.241800 -90.537870
247.334390 -90.684530
247.390580 -90.767550
247.779290 -91.304920
247.821000 -91.356320
247.999230 -91.561490
248.040490 -91.613000
248.078700 -91.664420
248.114490 -91.714750
248.183580 -91.807440
248.274000 -91.921830
248.278530 -91.927900
>
248.620750 -90.773990
248.739420 -90.852340
248.786880 -90.880620
248.832330 -90.902810
248.879710 -90.919550
248.934510 -90.931910
248.999050 -90.941210
249.079280 -90.947950
249.154190 -90.951620
249.204850 -90.950700
249.237290 -90.947360
249.268820 -90.942250
249.279140 -90.943390
249.293000 -90.950060
249.316240 -90.963870
>
247.593780 -90.411140
247.967280 -90.664190
248.099870 -90.758310
248.148360 -90.792020
248.198700 -90.821500
248.250090 -90.847310
248.301020 -90.871350
248.440710 -90.930030
248.478780 -90.947950
>
249.316030 -91.959360
249.331800 -91.957470
249.375100 -91.953490
249.438570 -91.949370
249.515330 -91.947590
249.599030 -91.949980
249.682330 -91.959130
249.759240 -91.977420
249.821520 -92.006810
>
249.521380 -91.153510
249.580010 -91.223740
249.717130 -91.394460
249.796630 -91.498600
249.874730 -91.606400
249.943390 -91.710060
249.995270 -91.800980
250.045190 -91.894350
250.397700 -92.492220
250.456520 -92.597720
250.501030 -92.685690
250.671020 -93.037520
250.911880 -93.507630
251.003700 -93.671340
251.698060 -94.791410
251.793410 -94.954540
251.843880 -95.055770
252.026270 -95.526950
252.054880 -95.608270
252.148720 -95.901640
252.461030 -96.801130
252.672710 -97.374240
252.725470 -97.501740
252.759990 -97.567810
>
269.616880 -119.416600
269.037370 -118.823620
268.932230 -118.722890
268.858560 -118.658470
268.801740 -118.605980
268.737820 -118.534150
268.507530 -118.251330
268.418670 -118.149220
268.325360 -118.052150
268.226830 -117.963550
268.129250 -117.880380
268.037610 -117.798480
267.952380 -117.717630
267.873110 -117.639280
267.801340 -117.563850
267.735450 -117.491910
267.677610 -117.424890
267.626650 -117.362690
267.565150 -117.279180
266.820380 -116.146250
266.601340 -115.840100
265.872660 -114.867020
265.669070 -114.573020
265.137590 -113.766710
264.924770 -113.429510
264.134750 -111.896640
263.368190 -110.537110
263.090720 -110.068880
262.645370 -109.239140
262.524590 -109.024660
262.408940 -108.831430
262.302510 -108.674060
261.544310 -107.707660
261.465020 -107.599300
261.400030 -107.503020
261.346530 -107.414620
261.301890 -107.333360
261.263770 -107.257590
261.198530 -107.121820
261.166910 -107.059300
261.133330 -106.999350
261.071340 -106.906150
260.824840 -106.565370
260.491170 -106.123720
260.161590 -105.705760
259.895150 -105.388980
258.815260 -104.029820
258.292170 -103.315110
258.190070 -103.185610
258.007330 -102.971580
257.899720 -102.826260
257.318410 -101.969420
255.949770 -100.080810
255.872150 -99.984590
255.830370 -99.935560
255.775550 -99.860560
255.208930 -99.005250
255.080900 -98.821230
254.455900 -97.976650
254.363650 -97.842260
254.292280 -97.725230
253.439470 -96.184050
253.360550 -96.050770
253.301850 -95.967140
253.245630 -95.902450
253.193100 -95.852280
253.142990 -95.811840
253.097950 -95.776910
253.058280 -95.741940
253.024430 -95.703150
252.996970 -95.655880
>
215.465720 -63.126280
215.389970 -63.058980
215.359430 -63.041340
215.330940 -63.023800
215.307830 -63.008010
215.292050 -62.994750
215.279320 -62.983820
215.264090 -62.972880
215.244390 -62.961410
215.220750 -62.949290
215.191830 -62.935970
215.157370 -62.921550
215.116650 -62.905820
215.069490 -62.888340
215.021350 -62.873860
214.977170 -62.864910
214.934970 -62.860170
214.893750 -62.858430
214.806430 -62.857500
214.757350 -62.855220
214.702900 -62.849960
214.608650 -62.839290
214.572260 -62.836420
214.537490 -62.835310
214.500220 -62.836650
214.457060 -62.839230
214.266200 -62.857490
214.206880 -62.865010
213.737470 -62.900020
213.635950 -62.907550
213.508400 -62.905520
213.420550 -62.910120
213.316070 -62.911670
213.253790 -62.919740
213.167910 -62.923670
213.054570 -62.923470
212.910370 -62.915370
212.797450 -62.904080
212.672300 -62.900240
212.551610 -62.892070
212.426940 -62.868710
212.294420 -62.849040
212.196740 -62.826150
212.068070 -62.806460
211.915890 -62.759430
211.865240 -62.740060
211.818640 -62.728660
211.756660 -62.683810
211.712980 -62.661970
211.592140 -62.603320
211.404880 -62.505800
211.209820 -62.401100
210.601570 -62.069170
210.568620 -62.048520
210.539610 -62.029080
209.113620 -61.136120
209.040420 -61.094940
208.186320 -60.650230
207.313980 -60.164100
207.197560 -60.092500
207.009440 -59.967500
206.862020 -59.858250
206.802590 -59.817020
206.736290 -59.776350
206.662120 -59.736930
206.579120 -59.701180
206.486930 -59.669790
206.382870 -59.642080
206.269960 -59.617270
205.767080 -59.522910
205.660070 -59.496310
205.568900 -59.479430
205.056150 -59.397810
204.938980 -59.377320
204.783440 -59.343610
204.739740 -59.335160
204.676460 -59.325530
204.643120 -59.318280
204.598960 -59.307500
204.537100 -59.289330
204.450730 -59.261450
204.299510 -59.192990
204.113450 -59.083780
203.904740 -58.946660
203.269290 -58.509550
203.096040 -58.399630
202.961550 -58.332340
201.240140 -57.637090
201.167550 -57.605490
199.995480 -57.137990
>
237.939870 -77.394420
239.277050 -78.172370
239.800020 -78.493720
239.870120 -78.534110
240.019540 -78.615380
240.287790 -78.751260
>
239.090420 -78.272790
239.313970 -78.424280
240.517510 -79.168140
240.955460 -79.468000
241.201340 -79.643040
241.473570 -79.847750
241.633550 -79.962420
241.821150 -80.081800
242.025420 -80.201620
242.810960 -80.631250
242.949600 -80.710770
243.065170 -80.781780
243.175720 -80.852940
243.282430 -80.924680
243.486910 -81.070090
243.786870 -81.295280
243.872880 -81.364040
243.937220 -81.420300
243.990660 -81.468640
244.043550 -81.514540
244.106850 -81.562260
244.190800 -81.617720
244.307260 -81.684500
244.855080 -81.978540
245.246600 -82.206060
245.555600 -82.376230
245.615300 -82.406880
245.668140 -82.430920
245.717370 -82.450100
245.767650 -82.466730
245.823390 -82.481540
246.027790 -82.525840
246.085830 -82.536970
246.142510 -82.545120
246.203030 -82.551470
246.272410 -82.555870
246.355030 -82.558290
246.456810 -82.559360
246.553210 -82.558130
246.677630 -82.554270
246.722330 -82.553960
246.766160 -82.556090
246.817810 -82.562390
246.885710 -82.573450
247.138890 -82.623470
247.187620 -82.634670
247.221640 -82.643530
247.246780 -82.651890
247.268980 -82.660940
247.325680 -82.685500
247.389300 -82.711230
247.547120 -82.767910
247.593480 -82.785880
247.639850 -82.806190
247.686700 -82.829590
247.736630 -82.859080
248.201080 -83.168820
248.226310 -83.188710
248.245170 -83.206880
248.265480 -83.228590
248.294730 -83.258220
248.340730 -83.301150
248.410070 -83.361560
248.684610 -83.584880
248.737540 -83.631310
248.779150 -83.673060
248.817370 -83.717260
249.000060 -83.949120
249.086400 -84.054430
249.157880 -84.136780
249.218300 -84.202120
249.372440 -84.362960
249.427020 -84.425240
249.563030 -84.593530
249.650890 -84.697050
249.752980 -84.809560
249.867020 -84.924980
249.992340 -85.039090
250.127380 -85.146480
250.271220 -85.242920
250.421940 -85.324010
250.763780 -85.519370
251.055170 -85.677270
251.191470 -85.745690
251.307030 -85.797850
251.389930 -85.833060
251.476350 -85.871460
251.562710 -85.912180
251.647630 -85.954140
251.729160 -85.997340
251.804240 -86.040040
251.871960 -86.082120
251.928910 -86.122510
>
239.090420 -78.272790
238.748410 -78.046580
238.589490 -77.946380
238.523440 -77.907290
237.874060 -77.558660
237.768520 -77.504490
236.165940 -76.755800
>
164.658900 -36.841340
165.155060 -37.162850
166.951880 -38.156540
167.346260 -38.352340
167.430320 -38.384810
167.545180 -38.434980
167.930190 -38.645930
168.155030 -38.746810
168.213160 -38.776220
168.275230 -38.801870
168.416060 -38.842990
168.484530 -38.878520
168.592010 -38.926220
168.900980 -39.034580
168.995340 -39.091460
169.061280 -39.143280
169.143380 -39.183720
169.213300 -39.210040
169.243140 -39.219200
>
152.771080 -36.012840
152.939310 -36.010510
153.235720 -35.996470
153.383970 -35.976300
153.945900 -35.869420
154.155380 -35.821510
154.372190 -35.790050
154.717170 -35.721340
155.477110 -35.618860
155.534330 -35.612970
155.701280 -35.569640
155.772250 -35.554140
155.843670 -35.540980
155.910250 -35.532680
155.966470 -35.531660
156.073540 -35.540580
156.193760 -35.556210
156.318420 -35.577390
156.439140 -35.605220
156.495310 -35.620610
156.547100 -35.637210
156.596400 -35.655690
156.642840 -35.675380
156.688200 -35.696830
156.732670 -35.720730
156.958570 -35.863400
157.045450 -35.913620
157.127010 -35.955280
157.339890 -36.054070
157.381450 -36.070630
157.428350 -36.086650
157.482560 -36.102590
157.535800 -36.114970
157.581750 -36.123670
157.621380 -36.128130
157.657020 -36.130580
158.362340 -36.135370
158.440550 -36.139960
158.482060 -36.144980
158.524630 -36.151770
158.566650 -36.162230
158.607680 -36.175780
>
152.069680 -36.008270
152.437950 -36.141200
152.503860 -36.170080
152.548310 -36.194000
152.914670 -36.430520
153.149250 -36.600720
153.188800 -36.626500
153.229780 -36.650400
153.268290 -36.669410
153.299610 -36.681730
153.353280 -36.697700
153.379710 -36.707010
153.409960 -36.720550
153.445610 -36.742540
153.488970 -36.774430
153.688940 -36.934730
153.730890 -36.964060
153.993940 -37.128250
154.040720 -37.154050
154.192120 -37.224630
154.428980 -37.322920
154.512540 -37.354290
154.570660 -37.373370
154.674280 -37.403600
154.712810 -37.419050
154.825610 -37.473050
154.910550 -37.517180
154.945230 -37.537390
155.188250 -37.710560
155.479650 -37.886460
155.517700 -37.912110
155.544980 -37.934170
>
155.509910 -35.466670
155.469840 -35.460420
154.625030 -35.271050
154.515500 -35.254780
154.444600 -35.252070
154.376150 -35.257250
154.307590 -35.270420
153.979560 -35.360580
153.686900 -35.425130
153.529310 -35.466020
153.369180 -35.517760
152.959680 -35.678680
152.921470 -35.697380
152.852390 -35.727620
152.808290 -35.749410
152.641120 -35.844260
152.575950 -35.875730
152.505910 -35.900970
152.431980 -35.917760
152.354710 -35.922330
152.267680 -35.915880
152.169450 -35.903950
151.966080 -35.870840
151.735940 -35.825430
150.855050 -35.728050
150.562600 -35.714620
150.409070 -35.715750
150.255430 -35.724860
149.959360 -35.763870
149.816030 -35.776560
149.170320 -35.799390
148.960950 -35.815560
148.864100 -35.813240
148.586950 -35.784610
148.493510 -35.779320
148.396740 -35.780770
148.193130 -35.804820
148.093860 -35.806820
147.997570 -35.799610
147.904170 -35.784660
147.814280 -35.763510
147.726900 -35.737490
147.642920 -35.708480
146.860440 -35.384060
146.783820 -35.345320
146.709630 -35.301710
146.399550 -35.097470
146.213760 -34.991320
146.050860 -34.905900
145.903480 -34.835090
145.029410 -34.469790
144.850420 -34.380720
144.772800 -34.349280
144.701550 -34.326970
144.635620 -34.310780
144.448000 -34.275800
144.316130 -34.244090
144.105540 -34.207100
144.025900 -34.189060
143.938010 -34.163670
143.840370 -34.128450
143.730590 -34.080980
143.611180 -34.018250
143.486840 -33.943410
142.992660 -33.619970
142.883420 -33.556730
142.670770 -33.455690
141.523760 -32.808610
141.180870 -32.651480
139.562430 -31.788400
139.184840 -31.559110
138.834730 -31.324520
138.536760 -31.101200
138.297880 -30.903820
138.167400 -30.813000
138.028090 -30.725680
137.339610 -30.347200
137.220270 -30.273520
136.976920 -30.103370
136.408140 -29.660390
136.274770 -29.568300
136.214880 -29.532010
135.815440 -29.310980
135.623580 -29.189910
134.438050 -28.309540
129.025200 -24.967450
128.827640 -24.863820
127.825100 -24.395990
127.108020 -23.980530
127.030180 -23.927620
126.543370 -23.561860
126.440930 -23.477710
126.363310 -23.405940
126.302190 -23.342710
126.200500 -23.229380
126.144230 -23.171740
126.074390 -23.108450
125.995660 -23.044650
125.917510 -22.986850
125.835780 -22.932010
125.748260 -22.878470
125.041930 -22.436050
124.793440 -22.290580
124.742450 -22.255480
124.272520 -22.004200
123.952340 -21.847750
123.786440 -21.774740
123.591340 -21.680110
123.014980 -21.441950
120.536220 -20.652640
117.733310 -20.098840
116.415130 -19.748220
115.949750 -19.582930
115.403940 -19.412170
114.320430 -19.212300
113.713510 -18.997640
112.834440 -18.646000
112.070890 -18.382370
110.514710 -18.109050
105.546640 -16.738510
105.108900 -16.583200
104.499500 -16.409900
103.837120 -16.273760
101.892800 -15.747170
100.750270 -15.513430
99.721830 -15.394550
>
154.508340 -35.217590
154.883810 -35.111830
154.988100 -35.075050
>
143.394330 -33.864960
143.635470 -34.042780
143.815810 -34.159950
143.908450 -34.213440
144.082100 -34.299500
144.161600 -34.345600
144.237610 -34.395350
144.384240 -34.504460
144.684270 -34.745220
144.818760 -34.843280
145.539970 -35.284630
145.600400 -35.316540
145.678010 -35.352300
145.919180 -35.449630
146.137370 -35.526210
147.253020 -35.824840
147.329750 -35.840390
147.404550 -35.851720
147.733040 -35.875740
147.822590 -35.874920
147.945400 -35.869380
148.324110 -35.824270
148.379460 -35.819630
148.808310 -35.817210
>
155.827690 -34.284160
156.185600 -34.566760
156.354260 -34.712790
156.412280 -34.757480
156.636180 -34.904370
157.343620 -35.408010
157.506490 -35.537020
157.569860 -35.581720
157.649430 -35.633130
157.993570 -35.833410
158.597510 -36.153230
159.337350 -36.511820
159.483370 -36.576840
159.615270 -36.626630
159.683720 -36.648690
160.480060 -36.947120
161.180300 -37.155670
161.405140 -37.211690
>
162.782850 -38.878600
165.414590 -40.042950
165.497660 -40.085200
165.957940 -40.367080
166.026830 -40.416500
166.113210 -40.489810
166.157700 -40.524640
166.221170 -40.566160
166.316520 -40.619970
167.842130 -41.354130
167.990220 -41.433540
>
204.119020 -58.711160
204.490420 -58.765190
204.795950 -58.802910
204.932840 -58.815380
205.147630 -58.822780
205.980400 -58.882480
206.284990 -58.894540
206.344850 -58.894400
206.407560 -58.891260
206.473740 -58.883780
206.544820 -58.870750
206.611520 -58.854170
206.667850 -58.836400
206.718280 -58.817980
206.819230 -58.777030
206.879030 -58.754370
206.950530 -58.729790
207.038730 -58.703400
207.142660 -58.678740
207.255360 -58.658390
207.371550 -58.642240
207.486310 -58.630420
207.594660 -58.621620
207.691220 -58.617160
207.771620 -58.615070
207.830490 -58.616150
>
188.353080 -48.216860
188.851250 -48.589900
188.935060 -48.648330
189.010470 -48.697120
189.239760 -48.834600
189.283850 -48.864420
189.371590 -48.927070
189.419610 -48.959330
189.471020 -48.993480
189.525910 -49.028180
189.585180 -49.063430
189.649350 -49.099900
189.963890 -49.264170
190.021730 -49.295880
190.082960 -49.331120
190.149550 -49.371920
190.277920 -49.455830
190.325500 -49.484430
190.367630 -49.509370
190.543480 -49.603130
>
190.387580 -48.296460
190.462120 -48.351230
190.537990 -48.409090
190.588960 -48.451000
190.636990 -48.493020
190.881510 -48.728510
190.942750 -48.783270
191.001140 -48.833270
191.049610 -48.872180
191.168170 -48.959750
191.209860 -48.992670
191.258340 -49.034020
191.411730 -49.176360
191.439230 -49.203750
191.459770 -49.226250
191.476910 -49.246990
191.549530 -49.349880
>
201.908440 -57.911670
202.302000 -57.802020
202.347540 -57.795170
202.856040 -57.773570
203.764810 -57.881370
204.118320 -57.898950
204.470550 -57.941360
204.562200 -57.943060
205.484770 -57.852080
205.753010 -57.846040
205.821150 -57.838010
205.902970 -57.832950
206.279660 -57.871010
206.381140 -57.870110
206.483110 -57.854120
206.585050 -57.819160
206.696280 -57.792050
206.824750 -57.798510
206.968020 -57.830450
207.643740 -58.062530
207.826270 -58.107770
208.179980 -58.160460
208.342300 -58.195430
208.649100 -58.310890
208.910280 -58.436220
209.195650 -58.615060
210.399230 -59.550670
212.258490 -61.192990
213.958130 -62.255040
214.989100 -62.769250
215.134120 -62.864940
215.327630 -63.049430
215.457930 -63.148160
215.772170 -63.346870
216.231770 -63.593660
219.678040 -65.834490
219.779910 -65.909630
220.834740 -66.782250
221.182290 -67.035980
223.566810 -69.280060
223.780620 -69.451510
223.902300 -69.538060
225.532580 -70.423990
226.361290 -70.811090
226.642740 -70.924260
227.035210 -71.051530
227.251250 -71.139360
227.492970 -71.264220
227.889500 -71.505360
229.164200 -72.450110
230.040910 -73.215450
231.663030 -74.438160
231.768980 -74.501600
231.859620 -74.546160
232.310660 -74.733120
233.316850 -75.263490
233.926960 -75.520160
234.757590 -75.807830
234.903350 -75.874570
236.389990 -76.671080
237.809270 -77.324540
237.939870 -77.394420
>
161.405140 -37.211690
161.664300 -37.267910
162.117040 -37.314810
162.572770 -37.378880
162.755620 -37.418330
163.570200 -37.558220
163.661580 -37.577880
165.455180 -38.075120
167.961520 -38.872520
168.195740 -38.922940
169.634310 -39.330130
170.952110 -39.754040
174.575760 -41.192620
175.341600 -41.533310
175.914430 -41.758780
175.988300 -41.791710
177.027670 -42.337250
179.171550 -43.310520
179.730860 -43.536940
179.861030 -43.580860
179.931460 -43.601650
179.956960 -43.610220
180.445770 -43.846740
181.018890 -44.072420
181.147100 -44.127300
181.262640 -44.188270
181.397190 -44.255350
181.610550 -44.353530
182.080900 -44.578410
182.186110 -44.637590
182.317370 -44.710650
182.484200 -44.803350
182.580150 -44.856970
182.680020 -44.913040
182.712830 -44.931240
182.757860 -44.956220
182.835180 -44.999520
182.948690 -45.063460
183.031980 -45.110420
183.147910 -45.175580
183.245830 -45.231080
183.480280 -45.365720
183.683970 -45.483920
183.752460 -45.524100
183.837630 -45.575270
183.898360 -45.611890
183.967930 -45.648410
184.043290 -45.700790
184.175460 -45.784800
184.321820 -45.882340
184.460860 -46.007170
184.723260 -46.196580
184.900490 -46.330610
185.089500 -46.459100
185.211440 -46.520020
185.357820 -46.623530
185.492430 -46.690550
185.681460 -46.800720
185.956230 -46.978000
186.053650 -47.019940
186.230920 -47.148400
186.414080 -47.240360
186.578600 -47.307360
187.451390 -47.821780
187.658490 -47.913720
188.353080 -48.216860
188.715020 -48.337910
189.469360 -48.590920
189.834360 -48.700380
190.001330 -48.746010
190.153760 -48.783660
190.407480 -48.854200
190.660770 -48.946040
190.902290 -49.048190
191.120800 -49.150350
191.446610 -49.312790
191.531410 -49.352340
191.549530 -49.349880
191.548540 -49.348670
191.548010 -49.347450
191.548010 -49.346780
191.548540 -49.346780
191.549520 -49.347440
191.550950 -49.348660
191.552920 -49.349880
191.554880 -49.351100
>
191.554880 -49.351100
191.636760 -49.424040
192.787260 -50.519350
192.848520 -50.562450
193.076940 -50.710920
193.128910 -50.746820
193.178840 -50.784500
193.225900 -50.824060
193.346040 -50.930450
193.453930 -51.021100
193.555840 -51.100780
193.657840 -51.175010
193.710800 -51.209020
193.766160 -51.238820
193.880910 -51.297170
193.940210 -51.329400
194.000490 -51.367070
194.061320 -51.412710
194.203450 -51.539820
194.316720 -51.628010
194.962470 -52.091960
195.027240 -52.144920
195.325410 -52.410730
195.451050 -52.528070
195.512800 -52.588900
195.564810 -52.642980
195.608520 -52.691740
195.644810 -52.734850
195.703630 -52.806670
195.728660 -52.835820
195.752710 -52.861970
195.775770 -52.885800
195.795880 -52.907630
195.812590 -52.927130
195.826360 -52.943530
195.837090 -52.957500
195.844510 -52.967920
195.848890 -52.973900
195.850860 -52.976340
195.936210 -53.056670
196.006360 -53.118710
196.066230 -53.167340
196.171670 -53.248750
196.226630 -53.292620
196.289370 -53.346680
196.364000 -53.416590
196.445440 -53.501130
196.524920 -53.594880
196.768410 -53.899640
196.856210 -53.999930
196.949010 -54.095430
197.049030 -54.183050
197.425860 -54.475420
197.583340 -54.592140
197.717230 -54.688140
197.801710 -54.753140
198.099500 -55.005430
198.472520 -55.338580
198.650200 -55.505830
198.801430 -55.656590
198.923170 -55.790410
199.111190 -55.984370
199.170130 -56.042070
199.224590 -56.091910
199.313920 -56.165430
199.365970 -56.211060
199.476960 -56.314380
199.606570 -56.440860
>
196.046120 -54.883870
196.082850 -54.908790
196.181950 -54.971900
196.237890 -55.006010
196.293830 -55.038220
196.346820 -55.067330
196.392920 -55.089800
196.429640 -55.103840
196.463950 -55.116560
196.505230 -55.134150
196.550800 -55.156610
196.599850 -55.182180
196.698950 -55.238080
196.857400 -55.334060
196.920680 -55.373580
196.999150 -55.427620
197.114460 -55.511560
197.176310 -55.554630
197.224840 -55.583190
197.266030 -55.604550
197.303830 -55.622690
197.344050 -55.644600
197.391600 -55.675600
197.451940 -55.721780
197.608040 -55.857350
197.668930 -55.907190
197.717470 -55.944290
197.793550 -55.999540
197.831270 -56.028110
197.874990 -56.065210
197.929450 -56.114500
198.017360 -56.200240
198.039900 -56.223950
198.051710 -56.237910
198.056090 -56.244560
198.055650 -56.246450
198.053150 -56.245780
198.051720 -56.245230
>
